<!DOCTYPE html>
<html lang="es">
<head>
<meta charset="UTF-8">
<meta name="viewport" content="width=device-width, initial-scale=1.0">
<title>Zonas PEC — Salud Mental y Adicciones · Municipalidad de Córdoba</title>
<link href="https://fonts.googleapis.com/css2?family=IBM+Plex+Mono:wght@400;600;700&family=IBM+Plex+Sans:wght@400;500;600;700&display=swap" rel="stylesheet">
<link rel="stylesheet" href="https://unpkg.com/leaflet@1.9.4/dist/leaflet.css"/>
<script src="https://unpkg.com/leaflet@1.9.4/dist/leaflet.js"></script>
<style>
:root{
  --bg:#0f1117; --panel:#1a1d27; --panel2:#22263a; --border:#2e3352;
  --text:#e8eaf6; --text2:#9ba3c7; --accent:#4fc3f7;
  --mono:'IBM Plex Mono',monospace; --sans:'IBM Plex Sans',sans-serif;
  --c-yap:#9b59b6; --c-rob:#27ae60; --c-mal:#16a085; --c-com:#e74c3c;
}
*{box-sizing:border-box;margin:0;padding:0;}
body{background:var(--bg);color:var(--text);font-family:var(--sans);height:100dvh;display:flex;flex-direction:column;overflow:hidden;}
header{background:var(--panel);border-bottom:2px solid var(--border);padding:10px 16px;display:flex;align-items:center;gap:14px;flex-shrink:0;}
header h1{font-family:var(--mono);font-size:13px;font-weight:700;color:var(--accent);letter-spacing:.06em;}
header .sub{font-size:11px;color:var(--text2);}
header .meta{margin-left:auto;font-family:var(--mono);font-size:11px;color:var(--text2);}
.bar{background:var(--panel2);border-bottom:1px solid var(--border);padding:8px 12px;display:flex;gap:8px;align-items:center;flex-shrink:0;flex-wrap:wrap;}
.bar label{font-family:var(--mono);font-size:11px;color:var(--text2);white-space:nowrap;text-transform:uppercase;letter-spacing:.05em;}
.chip{background:var(--panel);border:1px solid var(--border);font-family:var(--mono);font-size:11px;font-weight:600;padding:6px 12px;border-radius:5px;cursor:pointer;color:var(--text2);transition:all .15s;}
.chip:hover{background:var(--panel2);color:var(--text);}
.chip.active{color:#000;border-color:transparent;}
.chip.active[data-zona="yapeyu"]{background:var(--c-yap);}
.chip.active[data-zona="los_robles"]{background:var(--c-rob);}
.chip.active[data-zona="maldonado"]{background:var(--c-mal);}
.chip.active[data-zona="comercial"]{background:var(--c-com);}
.chip.active[data-zona="todas"]{background:var(--accent);}
.chip .dot{display:inline-block;width:10px;height:10px;border-radius:50%;margin-right:6px;vertical-align:middle;}
.bar-sep{width:1px;height:22px;background:var(--border);margin:0 6px;}
.btn-lay{background:transparent;border:1px solid var(--border);color:var(--text2);font-family:var(--mono);font-size:10px;padding:5px 10px;border-radius:4px;cursor:pointer;transition:all .15s;}
.btn-lay:hover,.btn-lay.active{background:var(--accent);color:#000;border-color:var(--accent);}
main{flex:1;display:flex;overflow:hidden;}
#mapa{flex:1;background:#ddd;}
.leaflet-container{background:#0f1117;}
aside{width:320px;background:var(--panel);border-left:1px solid var(--border);display:flex;flex-direction:column;overflow:hidden;flex-shrink:0;}
.panel-head{padding:14px 16px 10px;border-bottom:1px solid var(--border);}
.panel-head .titulo{font-family:var(--mono);font-size:14px;font-weight:700;margin-bottom:4px;}
.panel-head .subtitulo{font-size:11px;color:var(--text2);line-height:1.4;}
.panel-head .count{margin-top:8px;font-family:var(--mono);font-size:10px;color:var(--text2);text-transform:uppercase;letter-spacing:.05em;}
.panel-head .count b{color:var(--accent);font-size:14px;}
.panel-body{flex:1;overflow-y:auto;padding:12px 16px;}
.panel-body h4{font-family:var(--mono);font-size:10px;color:var(--text2);text-transform:uppercase;letter-spacing:.05em;margin-bottom:8px;border-bottom:1px solid var(--border);padding-bottom:4px;}
.radio-item{display:inline-block;font-family:var(--mono);font-size:11px;background:var(--panel2);border:1px solid var(--border);padding:3px 8px;border-radius:3px;margin:2px 3px 2px 0;}
.leyenda{background:var(--panel);border-top:1px solid var(--border);padding:10px 16px;font-size:11px;}
.leyenda .li{display:flex;align-items:center;gap:8px;margin:3px 0;}
.leyenda .lb{width:16px;height:12px;border-radius:2px;border:1px solid rgba(255,255,255,.15);}
.map-legend{background:rgba(15,17,23,.92);border:1px solid var(--border);padding:8px 10px;font-family:var(--sans);font-size:11px;color:var(--text);border-radius:4px;}
.map-legend .lb{width:14px;height:10px;display:inline-block;margin-right:6px;vertical-align:middle;border-radius:2px;}
.stat-line{display:flex;justify-content:space-between;padding:4px 0;font-family:var(--mono);font-size:11px;border-bottom:1px dashed var(--border);}
.stat-line span:first-child{color:var(--text2);}
.stat-line span:last-child{color:var(--text);font-weight:600;}
@media (max-width:900px){aside{width:100%;height:280px;border-left:none;border-top:1px solid var(--border);}main{flex-direction:column;}}
</style>
</head>
<body>

<header>
  <h1>PEC / SALUD MENTAL Y ADICCIONES</h1>
  <span class="sub">Municipalidad de Córdoba — Zonas de influencia · Muestreo territorial</span>
  <span class="meta">80 radios censales · 4 zonas</span>
</header>

<div class="bar">
  <label>Zona:</label>
  <button class="chip active" data-zona="todas" onclick="verZona('todas', this)"><span class="dot" style="background:var(--accent)"></span>Todas</button>
  <button class="chip" data-zona="yapeyu" onclick="verZona('yapeyu', this)"><span class="dot" style="background:var(--c-yap)"></span>Yapeyú</button>
  <button class="chip" data-zona="los_robles" onclick="verZona('los_robles', this)"><span class="dot" style="background:var(--c-rob)"></span>Los Robles</button>
  <button class="chip" data-zona="maldonado" onclick="verZona('maldonado', this)"><span class="dot" style="background:var(--c-mal)"></span>Maldonado</button>
  <button class="chip" data-zona="comercial" onclick="verZona('comercial', this)"><span class="dot" style="background:var(--c-com)"></span>Comercial</button>

  <div class="bar-sep"></div>
  <label>Mapa base:</label>
  <button class="btn-lay active" onclick="setLayer('osm', this)">OSM</button>
  <button class="btn-lay" onclick="setLayer('sat', this)">Satélite</button>
  <button class="btn-lay" onclick="setLayer('goog', this)">Google</button>
</div>

<main>
  <div id="mapa"></div>
  <aside>
    <div class="panel-head">
      <div class="titulo" id="p-titulo">Vista general</div>
      <div class="subtitulo" id="p-sub">Las 4 zonas PEC de la Municipalidad de Córdoba sobre el mapa de la ciudad.</div>
      <div class="count" id="p-count"><b>80</b> radios censales seleccionados</div>
    </div>
    <div class="panel-body" id="p-body">
      <h4>Resumen por zona</h4>
      <div class="stat-line"><span>● Yapeyú</span><span id="stat-yap">–</span></div>
      <div class="stat-line"><span>● Los Robles</span><span id="stat-rob">–</span></div>
      <div class="stat-line"><span>● Maldonado</span><span id="stat-mal">–</span></div>
      <div class="stat-line"><span>● Comercial</span><span id="stat-com">–</span></div>
    </div>
    <div class="leyenda">
      <div style="font-family:var(--mono);font-weight:700;font-size:10px;color:var(--accent);margin-bottom:6px;letter-spacing:.05em;">REFERENCIAS</div>
      <div class="li"><div class="lb" style="background:var(--c-yap)"></div>Yapeyú</div>
      <div class="li"><div class="lb" style="background:var(--c-rob)"></div>Los Robles</div>
      <div class="li"><div class="lb" style="background:var(--c-mal)"></div>Maldonado</div>
      <div class="li"><div class="lb" style="background:var(--c-com)"></div>Comercial</div>
    </div>
  </aside>
</main>

<script>
const GEOJSON = {"type":"FeatureCollection","features":[{"type":"Feature","properties":{"link":"140144520","frac":"45","radio":"20","etiqueta":"45-20","sector":"los_robles"},"geometry":{"type":"MultiPolygon","coordinates":[[[[-64.24293,-31.40669],[-64.2431,-31.40733],[-64.24326,-31.40797],[-64.24343,-31.40859],[-64.2436,-31.40921],[-64.24368,-31.40953],[-64.24424,-31.41162],[-64.24364,-31.41166],[-64.24292,-31.4117],[-64.24277,-31.41113],[-64.24264,-31.41065],[-64.24251,-31.41015],[-64.24238,-31.40966],[-64.24233,-31.40947],[-64.24224,-31.40913],[-64.24199,-31.4082],[-64.24185,-31.40764],[-64.24171,-31.40711],[-64.2415,-31.40634],[-64.24163,-31.40631],[-64.2421,-31.40617],[-64.24274,-31.406],[-64.24293,-31.40669]]]]}},{"type":"Feature","properties":{"link":"140147502","frac":"75","radio":"02","etiqueta":"75-02","sector":"maldonado"},"geometry":{"type":"MultiPolygon","coordinates":[[[[-64.13773,-31.40719],[-64.1378,-31.40731],[-64.13797,-31.4076],[-64.13851,-31.40845],[-64.13853,-31.40848],[-64.13893,-31.40911],[-64.13848,-31.40934],[-64.13791,-31.40939],[-64.13757,-31.40949],[-64.13778,-31.40987],[-64.13815,-31.40984],[-64.13776,-31.41002],[-64.13728,-31.41036],[-64.13726,-31.41039],[-64.13716,-31.41032],[-64.13703,-31.41039],[-64.13692,-31.41045],[-64.13675,-31.41055],[-64.13658,-31.41072],[-64.13651,-31.41088],[-64.13622,-31.41112],[-64.13611,-31.41115],[-64.13601,-31.4112],[-64.13591,-31.41133],[-64.13571,-31.41151],[-64.13556,-31.41163],[-64.13535,-31.41182],[-64.13498,-31.4121],[-64.13492,-31.41211],[-64.13486,-31.41188],[-64.13556,-31.41061],[-64.13549,-31.41036],[-64.13535,-31.40985],[-64.13587,-31.40973],[-64.13569,-31.40918],[-64.13558,-31.40876],[-64.13554,-31.40861],[-64.13538,-31.40812],[-64.13643,-31.40787],[-64.13757,-31.40698],[-64.13774,-31.40703],[-64.13773,-31.40719]]]]}},{"type":"Feature","properties":{"link":"140144521","frac":"45","radio":"21","etiqueta":"45-21","sector":"los_robles"},"geometry":{"type":"MultiPolygon","coordinates":[[[[-64.24171,-31.40711],[-64.24185,-31.40764],[-64.24199,-31.4082],[-64.24224,-31.40913],[-64.24233,-31.40947],[-64.24238,-31.40966],[-64.24251,-31.41015],[-64.24264,-31.41065],[-64.24277,-31.41113],[-64.24292,-31.4117],[-64.24248,-31.41173],[-64.24104,-31.41181],[-64.24054,-31.40986],[-64.24023,-31.40868],[-64.24079,-31.40845],[-64.24042,-31.40755],[-64.24018,-31.40669],[-64.24085,-31.40652],[-64.2415,-31.40634],[-64.24171,-31.40711]]]]}},{"type":"Feature","properties":{"link":"140145213","frac":"52","radio":"13","etiqueta":"52-13","sector":"yapeyu"},"geometry":{"type":"MultiPolygon","coordinates":[[[[-64.14961,-31.40774],[-64.14998,-31.40823],[-64.15023,-31.4086],[-64.14994,-31.40936],[-64.14955,-31.4104],[-64.14937,-31.41088],[-64.14916,-31.41136],[-64.14834,-31.41113],[-64.14813,-31.41109],[-64.14809,-31.41115],[-64.14807,-31.41061],[-64.14807,-31.40999],[-64.14802,-31.40887],[-64.14829,-31.40893],[-64.14867,-31.4079],[-64.14891,-31.40728],[-64.14954,-31.40765],[-64.14961,-31.40774]]]]}},{"type":"Feature","properties":{"link":"140140808","frac":"08","radio":"08","etiqueta":"08-08","sector":"los_robles"},"geometry":{"type":"MultiPolygon","coordinates":[[[[-64.25717,-31.40687],[-64.25678,-31.40746],[-64.25666,-31.40797],[-64.25631,-31.40799],[-64.25639,-31.40854],[-64.25581,-31.40857],[-64.25525,-31.40857],[-64.25524,-31.40951],[-64.25499,-31.40953],[-64.25496,-31.41036],[-64.25499,-31.41104],[-64.2542,-31.4111],[-64.25421,-31.41157],[-64.25339,-31.41155],[-64.25337,-31.41118],[-64.25335,-31.41084],[-64.25331,-31.41042],[-64.25327,-31.41007],[-64.25324,-31.40972],[-64.25322,-31.40934],[-64.25333,-31.40933],[-64.25341,-31.40922],[-64.2534,-31.40877],[-64.25339,-31.40857],[-64.25406,-31.40783],[-64.25473,-31.40738],[-64.25524,-31.40713],[-64.25566,-31.40696],[-64.25628,-31.40665],[-64.25659,-31.40665],[-64.25717,-31.40687]]]]}},{"type":"Feature","properties":{"link":"140146101","frac":"61","radio":"01","etiqueta":"61-01","sector":"los_robles"},"geometry":{"type":"MultiPolygon","coordinates":[[[[-64.25341,-31.40713],[-64.25341,-31.40766],[-64.25339,-31.40822],[-64.25339,-31.40857],[-64.2534,-31.40877],[-64.25209,-31.40887],[-64.25143,-31.40892],[-64.25079,-31.40897],[-64.24945,-31.40907],[-64.24945,-31.40962],[-64.24944,-31.41018],[-64.24943,-31.41072],[-64.24812,-31.41082],[-64.24812,-31.41136],[-64.24812,-31.41195],[-64.24803,-31.41196],[-64.24668,-31.41148],[-64.24671,-31.41145],[-64.24656,-31.41146],[-64.24673,-31.41089],[-64.24675,-31.41084],[-64.24706,-31.41006],[-64.24731,-31.4097],[-64.24761,-31.40917],[-64.24812,-31.40824],[-64.24835,-31.40803],[-64.24879,-31.40787],[-64.24939,-31.40764],[-64.25002,-31.40743],[-64.2504,-31.40729],[-64.25102,-31.40706],[-64.25273,-31.40677],[-64.25338,-31.40673],[-64.25341,-31.40713]]]]}},{"type":"Feature","properties":{"link":"140142237","frac":"22","radio":"37","etiqueta":"22-37","sector":"los_robles"},"geometry":{"type":"MultiPolygon","coordinates":[[[[-64.26558,-31.39556],[-64.26593,-31.39573],[-64.26548,-31.39613],[-64.26502,-31.39672],[-64.2644,-31.39753],[-64.26404,-31.39798],[-64.26372,-31.39838],[-64.26298,-31.39929],[-64.26247,-31.39992],[-64.26239,-31.40002],[-64.26179,-31.40077],[-64.26123,-31.40147],[-64.26028,-31.39956],[-64.26014,-31.39927],[-64.25983,-31.39861],[-64.25962,-31.39818],[-64.25956,-31.39805],[-64.26031,-31.3977],[-64.26107,-31.39734],[-64.26147,-31.39715],[-64.26186,-31.39696],[-64.26208,-31.39686],[-64.26252,-31.39665],[-64.26255,-31.39664],[-64.26265,-31.39659],[-64.26345,-31.39622],[-64.26347,-31.39621],[-64.2637,-31.3961],[-64.26427,-31.39582],[-64.26476,-31.39558],[-64.26506,-31.39543],[-64.26558,-31.39556]]]]}},{"type":"Feature","properties":{"link":"140144409","frac":"44","radio":"09","etiqueta":"44-09","sector":"los_robles"},"geometry":{"type":"MultiPolygon","coordinates":[[[[-64.25326,-31.39619],[-64.25437,-31.39578],[-64.25466,-31.39638],[-64.25496,-31.39701],[-64.25526,-31.39763],[-64.25556,-31.39825],[-64.25586,-31.39885],[-64.25475,-31.39926],[-64.25445,-31.39863],[-64.25416,-31.39804],[-64.25341,-31.3983],[-64.25295,-31.39847],[-64.25267,-31.39789],[-64.25251,-31.3976],[-64.25165,-31.39789],[-64.25149,-31.39758],[-64.25139,-31.39738],[-64.25139,-31.39735],[-64.25103,-31.3975],[-64.25084,-31.3971],[-64.25168,-31.39679],[-64.2518,-31.39669],[-64.25186,-31.39664],[-64.25203,-31.39659],[-64.25243,-31.39649],[-64.25245,-31.39648],[-64.25272,-31.39634],[-64.25326,-31.39619]]]]}},{"type":"Feature","properties":{"link":"140144410","frac":"44","radio":"10","etiqueta":"44-10","sector":"los_robles"},"geometry":{"type":"MultiPolygon","coordinates":[[[[-64.25728,-31.39618],[-64.25844,-31.39576],[-64.25874,-31.39637],[-64.25906,-31.39701],[-64.25934,-31.3976],[-64.25956,-31.39805],[-64.25846,-31.39859],[-64.25742,-31.39909],[-64.25736,-31.39912],[-64.25649,-31.39955],[-64.25626,-31.39965],[-64.25586,-31.39885],[-64.25556,-31.39825],[-64.25526,-31.39763],[-64.25496,-31.39701],[-64.25612,-31.39659],[-64.25621,-31.39655],[-64.25728,-31.39618]]]]}},{"type":"Feature","properties":{"link":"140142238","frac":"22","radio":"38","etiqueta":"22-38","sector":"los_robles"},"geometry":{"type":"MultiPolygon","coordinates":[[[[-64.26637,-31.39603],[-64.26654,-31.39621],[-64.26676,-31.39647],[-64.26682,-31.39654],[-64.2672,-31.3971],[-64.2676,-31.39862],[-64.26763,-31.3988],[-64.26673,-31.39912],[-64.26592,-31.39943],[-64.26512,-31.39971],[-64.26474,-31.39984],[-64.26435,-31.40001],[-64.26426,-31.39997],[-64.26417,-31.39997],[-64.26425,-31.3998],[-64.26426,-31.39936],[-64.2641,-31.39924],[-64.26394,-31.39915],[-64.26386,-31.39899],[-64.26386,-31.3988],[-64.2642,-31.39841],[-64.26372,-31.39838],[-64.26404,-31.39798],[-64.2644,-31.39753],[-64.26502,-31.39672],[-64.26548,-31.39613],[-64.26593,-31.39573],[-64.26637,-31.39603]]]]}},{"type":"Feature","properties":{"link":"140144408","frac":"44","radio":"08","etiqueta":"44-08","sector":"los_robles"},"geometry":{"type":"MultiPolygon","coordinates":[[[[-64.25079,-31.39718],[-64.25084,-31.3971],[-64.25103,-31.3975],[-64.25139,-31.39735],[-64.25139,-31.39738],[-64.25149,-31.39758],[-64.25165,-31.39789],[-64.25251,-31.3976],[-64.25267,-31.39789],[-64.25295,-31.39847],[-64.25256,-31.39861],[-64.25225,-31.39872],[-64.25169,-31.39892],[-64.25114,-31.3991],[-64.25104,-31.39913],[-64.25074,-31.39922],[-64.25036,-31.39936],[-64.24971,-31.39957],[-64.24886,-31.39783],[-64.24951,-31.39761],[-64.2498,-31.39751],[-64.24992,-31.39747],[-64.25027,-31.39735],[-64.25079,-31.39718]]]]}},{"type":"Feature","properties":{"link":"140144407","frac":"44","radio":"07","etiqueta":"44-07","sector":"los_robles"},"geometry":{"type":"MultiPolygon","coordinates":[[[[-64.24886,-31.39783],[-64.24971,-31.39957],[-64.25036,-31.39936],[-64.25074,-31.39922],[-64.25104,-31.39913],[-64.25114,-31.3991],[-64.25169,-31.39892],[-64.25225,-31.39872],[-64.25256,-31.39861],[-64.25295,-31.39847],[-64.25341,-31.3983],[-64.25416,-31.39804],[-64.25445,-31.39863],[-64.25475,-31.39926],[-64.25586,-31.39885],[-64.25626,-31.39965],[-64.25545,-31.40004],[-64.25519,-31.40016],[-64.25489,-31.40031],[-64.25427,-31.40061],[-64.25387,-31.4008],[-64.25283,-31.4013],[-64.25193,-31.40172],[-64.25094,-31.40218],[-64.25008,-31.40259],[-64.24965,-31.40171],[-64.24935,-31.4011],[-64.24908,-31.40054],[-64.24881,-31.39997],[-64.24878,-31.39992],[-64.24854,-31.39942],[-64.24834,-31.39901],[-64.24793,-31.39815],[-64.24886,-31.39783]]]]}},{"type":"Feature","properties":{"link":"140144406","frac":"44","radio":"06","etiqueta":"44-06","sector":"los_robles"},"geometry":{"type":"MultiPolygon","coordinates":[[[[-64.24692,-31.39849],[-64.24793,-31.39815],[-64.24834,-31.39901],[-64.24854,-31.39942],[-64.24878,-31.39992],[-64.24881,-31.39997],[-64.24908,-31.40054],[-64.24935,-31.4011],[-64.24965,-31.40171],[-64.25008,-31.40259],[-64.2499,-31.40267],[-64.24915,-31.40301],[-64.24851,-31.40331],[-64.24806,-31.40352],[-64.24789,-31.4036],[-64.24738,-31.40385],[-64.24614,-31.40443],[-64.24571,-31.40464],[-64.24521,-31.40356],[-64.24427,-31.4016],[-64.24381,-31.40062],[-64.24334,-31.3997],[-64.24368,-31.39958],[-64.2448,-31.3992],[-64.2463,-31.3987],[-64.24692,-31.39849]]]]}},{"type":"Feature","properties":{"link":"140144411","frac":"44","radio":"11","etiqueta":"44-11","sector":"los_robles"},"geometry":{"type":"MultiPolygon","coordinates":[[[[-64.25962,-31.39818],[-64.25983,-31.39861],[-64.26014,-31.39927],[-64.26028,-31.39956],[-64.26123,-31.40147],[-64.26118,-31.40153],[-64.26101,-31.40172],[-64.26059,-31.40213],[-64.26019,-31.40277],[-64.26002,-31.40296],[-64.25994,-31.40302],[-64.25971,-31.4032],[-64.25923,-31.40354],[-64.25912,-31.40362],[-64.25848,-31.40408],[-64.25762,-31.40472],[-64.25532,-31.40628],[-64.25525,-31.40619],[-64.25517,-31.4062],[-64.25514,-31.40616],[-64.2551,-31.40613],[-64.25505,-31.40608],[-64.25502,-31.40597],[-64.25502,-31.40586],[-64.25497,-31.40567],[-64.25466,-31.40504],[-64.2542,-31.40412],[-64.2556,-31.40345],[-64.25663,-31.40296],[-64.25818,-31.40221],[-64.25816,-31.40218],[-64.2579,-31.40176],[-64.25776,-31.40154],[-64.25762,-31.40133],[-64.2574,-31.40097],[-64.25649,-31.39955],[-64.25736,-31.39912],[-64.25742,-31.39909],[-64.25846,-31.39859],[-64.25956,-31.39805],[-64.25962,-31.39818]]]]}},{"type":"Feature","properties":{"link":"140142239","frac":"22","radio":"39","etiqueta":"22-39","sector":"los_robles"},"geometry":{"type":"MultiPolygon","coordinates":[[[[-64.2642,-31.39841],[-64.26386,-31.3988],[-64.26386,-31.39899],[-64.26394,-31.39915],[-64.2641,-31.39924],[-64.26426,-31.39936],[-64.26425,-31.3998],[-64.26417,-31.39997],[-64.26426,-31.39997],[-64.26435,-31.40001],[-64.26474,-31.39984],[-64.26512,-31.39971],[-64.26592,-31.39943],[-64.26673,-31.39912],[-64.26763,-31.3988],[-64.26775,-31.39923],[-64.26805,-31.40015],[-64.26817,-31.40035],[-64.26836,-31.40059],[-64.26782,-31.40071],[-64.26754,-31.40076],[-64.26714,-31.40084],[-64.26652,-31.40096],[-64.26583,-31.40109],[-64.26523,-31.40121],[-64.26497,-31.40127],[-64.26459,-31.40134],[-64.26413,-31.40143],[-64.26399,-31.40146],[-64.26328,-31.40159],[-64.26313,-31.40162],[-64.26211,-31.40271],[-64.26202,-31.40276],[-64.26189,-31.40277],[-64.26153,-31.40254],[-64.26132,-31.40213],[-64.2612,-31.40195],[-64.26103,-31.40187],[-64.26128,-31.40157],[-64.26123,-31.40147],[-64.26179,-31.40077],[-64.26239,-31.40002],[-64.26247,-31.39992],[-64.26298,-31.39929],[-64.26372,-31.39838],[-64.2642,-31.39841]]]]}},{"type":"Feature","properties":{"link":"140145126","frac":"51","radio":"26","etiqueta":"51-26","sector":"yapeyu"},"geometry":{"type":"MultiPolygon","coordinates":[[[[-64.15152,-31.40048],[-64.15139,-31.40089],[-64.15122,-31.40142],[-64.15116,-31.40161],[-64.15108,-31.40184],[-64.15105,-31.40194],[-64.15034,-31.40167],[-64.14957,-31.40139],[-64.14885,-31.40112],[-64.14809,-31.40083],[-64.14811,-31.40075],[-64.14816,-31.40036],[-64.14813,-31.40028],[-64.14813,-31.40012],[-64.14842,-31.40014],[-64.14867,-31.40014],[-64.14909,-31.40008],[-64.14943,-31.4],[-64.14952,-31.39995],[-64.14954,-31.40001],[-64.14958,-31.40005],[-64.14966,-31.40009],[-64.14974,-31.40014],[-64.14981,-31.40029],[-64.14989,-31.40041],[-64.15009,-31.40056],[-64.15025,-31.40047],[-64.15039,-31.4003],[-64.15045,-31.40013],[-64.15049,-31.4],[-64.15069,-31.39965],[-64.15169,-31.39997],[-64.15152,-31.40048]]]]}},{"type":"Feature","properties":{"link":"140145125","frac":"51","radio":"25","etiqueta":"51-25","sector":"yapeyu"},"geometry":{"type":"MultiPolygon","coordinates":[[[[-64.15311,-31.40042],[-64.15313,-31.40043],[-64.15361,-31.40059],[-64.15364,-31.40068],[-64.15415,-31.40083],[-64.15458,-31.40095],[-64.15557,-31.40128],[-64.15615,-31.40147],[-64.15608,-31.40163],[-64.15614,-31.40165],[-64.15603,-31.40194],[-64.1559,-31.40191],[-64.15587,-31.40198],[-64.15542,-31.40211],[-64.15522,-31.40286],[-64.15456,-31.40268],[-64.15359,-31.40261],[-64.15312,-31.40257],[-64.15266,-31.40247],[-64.15251,-31.40245],[-64.15242,-31.40243],[-64.15105,-31.40194],[-64.15108,-31.40184],[-64.15116,-31.40161],[-64.15122,-31.40142],[-64.15139,-31.40089],[-64.15152,-31.40048],[-64.15169,-31.39997],[-64.15265,-31.40027],[-64.15311,-31.40042]]]]}},{"type":"Feature","properties":{"link":"140144412","frac":"44","radio":"12","etiqueta":"44-12","sector":"los_robles"},"geometry":{"type":"MultiPolygon","coordinates":[[[[-64.2574,-31.40097],[-64.25762,-31.40133],[-64.25776,-31.40154],[-64.2579,-31.40176],[-64.25816,-31.40218],[-64.25818,-31.40221],[-64.25663,-31.40296],[-64.2556,-31.40345],[-64.2542,-31.40412],[-64.25374,-31.40318],[-64.25283,-31.4013],[-64.25387,-31.4008],[-64.25427,-31.40061],[-64.25489,-31.40031],[-64.25519,-31.40016],[-64.25545,-31.40004],[-64.25626,-31.39965],[-64.25649,-31.39955],[-64.2574,-31.40097]]]]}},{"type":"Feature","properties":{"link":"140144405","frac":"44","radio":"05","etiqueta":"44-05","sector":"los_robles"},"geometry":{"type":"MultiPolygon","coordinates":[[[[-64.24221,-31.40015],[-64.24252,-31.40082],[-64.24297,-31.40177],[-64.24312,-31.40212],[-64.24372,-31.40191],[-64.24365,-31.40183],[-64.24427,-31.4016],[-64.24521,-31.40356],[-64.24571,-31.40464],[-64.24378,-31.40553],[-64.24319,-31.40427],[-64.24295,-31.40375],[-64.24277,-31.40335],[-64.24254,-31.40284],[-64.24234,-31.40242],[-64.24209,-31.4019],[-64.24146,-31.40057],[-64.24221,-31.40015]]]]}},{"type":"Feature","properties":{"link":"140145203","frac":"52","radio":"03","etiqueta":"52-03","sector":"yapeyu"},"geometry":{"type":"MultiPolygon","coordinates":[[[[-64.15098,-31.40203],[-64.1514,-31.40219],[-64.15196,-31.40239],[-64.15227,-31.40254],[-64.15243,-31.40262],[-64.1523,-31.40268],[-64.15173,-31.40296],[-64.15135,-31.40315],[-64.15111,-31.40313],[-64.15085,-31.40318],[-64.15061,-31.4034],[-64.15051,-31.40378],[-64.15045,-31.40432],[-64.15041,-31.40505],[-64.15021,-31.40499],[-64.14987,-31.40482],[-64.14974,-31.40454],[-64.14971,-31.40448],[-64.14984,-31.4043],[-64.14987,-31.40406],[-64.14965,-31.404],[-64.14947,-31.40285],[-64.14943,-31.4026],[-64.14953,-31.40232],[-64.14956,-31.40207],[-64.14949,-31.40205],[-64.1495,-31.40162],[-64.1495,-31.40147],[-64.15098,-31.40203]]]]}},{"type":"Feature","properties":{"link":"140140803","frac":"08","radio":"03","etiqueta":"08-03","sector":"los_robles"},"geometry":{"type":"MultiPolygon","coordinates":[[[[-64.26782,-31.40071],[-64.26836,-31.40059],[-64.26852,-31.40077],[-64.26859,-31.40082],[-64.26867,-31.40091],[-64.26874,-31.40098],[-64.26886,-31.40111],[-64.26852,-31.40151],[-64.26807,-31.4016],[-64.26737,-31.40174],[-64.26674,-31.40186],[-64.2661,-31.40199],[-64.26546,-31.40211],[-64.26481,-31.40224],[-64.2642,-31.40235],[-64.26351,-31.40248],[-64.26271,-31.40264],[-64.26202,-31.40276],[-64.26211,-31.40271],[-64.26313,-31.40162],[-64.26328,-31.40159],[-64.26399,-31.40146],[-64.26413,-31.40143],[-64.26459,-31.40134],[-64.26497,-31.40127],[-64.26523,-31.40121],[-64.26583,-31.40109],[-64.26652,-31.40096],[-64.26714,-31.40084],[-64.26754,-31.40076],[-64.26782,-31.40071]]]]}},{"type":"Feature","properties":{"link":"140145202","frac":"52","radio":"02","etiqueta":"52-02","sector":"yapeyu"},"geometry":{"type":"MultiPolygon","coordinates":[[[[-64.15098,-31.40203],[-64.15105,-31.40194],[-64.15242,-31.40243],[-64.15251,-31.40245],[-64.15266,-31.40247],[-64.15312,-31.40257],[-64.15359,-31.40261],[-64.15456,-31.40268],[-64.15522,-31.40286],[-64.15538,-31.4029],[-64.1551,-31.40311],[-64.15475,-31.4039],[-64.15465,-31.40414],[-64.15464,-31.40416],[-64.15441,-31.40472],[-64.1536,-31.4045],[-64.15326,-31.4044],[-64.15309,-31.40435],[-64.15285,-31.40429],[-64.15263,-31.40424],[-64.15212,-31.40411],[-64.15187,-31.40474],[-64.15163,-31.4054],[-64.15047,-31.40508],[-64.15041,-31.40505],[-64.15045,-31.40432],[-64.15051,-31.40378],[-64.15061,-31.4034],[-64.15085,-31.40318],[-64.15111,-31.40313],[-64.15135,-31.40315],[-64.15173,-31.40296],[-64.1523,-31.40268],[-64.15243,-31.40262],[-64.15227,-31.40254],[-64.15196,-31.40239],[-64.1514,-31.40219],[-64.15098,-31.40203]]]]}},{"type":"Feature","properties":{"link":"140140804","frac":"08","radio":"04","etiqueta":"08-04","sector":"los_robles"},"geometry":{"type":"MultiPolygon","coordinates":[[[[-64.26886,-31.40111],[-64.26893,-31.40118],[-64.26904,-31.40131],[-64.26913,-31.40141],[-64.26924,-31.40166],[-64.26934,-31.40189],[-64.2694,-31.40216],[-64.26946,-31.4026],[-64.26946,-31.40348],[-64.26945,-31.40478],[-64.26945,-31.40615],[-64.26944,-31.40698],[-64.26908,-31.40697],[-64.26833,-31.40697],[-64.2676,-31.40697],[-64.26685,-31.40696],[-64.26612,-31.40696],[-64.26616,-31.40644],[-64.26621,-31.40565],[-64.26618,-31.40477],[-64.2663,-31.4043],[-64.2667,-31.40412],[-64.26695,-31.40394],[-64.26723,-31.40388],[-64.26766,-31.40388],[-64.26766,-31.40277],[-64.26766,-31.40229],[-64.26822,-31.40219],[-64.26807,-31.4016],[-64.26852,-31.40151],[-64.26886,-31.40111]]]]}},{"type":"Feature","properties":{"link":"140144413","frac":"44","radio":"13","etiqueta":"44-13","sector":"los_robles"},"geometry":{"type":"MultiPolygon","coordinates":[[[[-64.25374,-31.40318],[-64.2542,-31.40412],[-64.25466,-31.40504],[-64.25497,-31.40567],[-64.25502,-31.40586],[-64.25502,-31.40597],[-64.25505,-31.40608],[-64.2551,-31.40613],[-64.25514,-31.40616],[-64.25517,-31.4062],[-64.25525,-31.40619],[-64.25532,-31.40628],[-64.25518,-31.40638],[-64.25484,-31.40655],[-64.25438,-31.40669],[-64.25338,-31.40673],[-64.25325,-31.4066],[-64.25195,-31.40674],[-64.25133,-31.4068],[-64.25077,-31.40701],[-64.25074,-31.40695],[-64.25044,-31.40705],[-64.2499,-31.40594],[-64.24922,-31.40619],[-64.24873,-31.40519],[-64.24871,-31.4052],[-64.24818,-31.40538],[-64.24738,-31.40385],[-64.24789,-31.4036],[-64.24806,-31.40352],[-64.24851,-31.40331],[-64.24915,-31.40301],[-64.2499,-31.40267],[-64.25008,-31.40259],[-64.25094,-31.40218],[-64.25193,-31.40172],[-64.25283,-31.4013],[-64.25374,-31.40318]]]]}},{"type":"Feature","properties":{"link":"140140807","frac":"08","radio":"07","etiqueta":"08-07","sector":"los_robles"},"geometry":{"type":"MultiPolygon","coordinates":[[[[-64.26128,-31.40157],[-64.26103,-31.40187],[-64.2612,-31.40195],[-64.26132,-31.40213],[-64.26153,-31.40254],[-64.26189,-31.40277],[-64.26202,-31.40276],[-64.26197,-31.40282],[-64.26149,-31.40331],[-64.26137,-31.4034],[-64.26072,-31.40397],[-64.26039,-31.40424],[-64.25989,-31.40476],[-64.25923,-31.40548],[-64.25892,-31.40579],[-64.25862,-31.40612],[-64.25788,-31.40674],[-64.25784,-31.40686],[-64.25789,-31.40698],[-64.25767,-31.40691],[-64.25717,-31.40687],[-64.25659,-31.40665],[-64.25628,-31.40665],[-64.25566,-31.40696],[-64.25524,-31.40713],[-64.25473,-31.40738],[-64.25406,-31.40783],[-64.25339,-31.40857],[-64.25339,-31.40822],[-64.25341,-31.40766],[-64.25341,-31.40713],[-64.25338,-31.40673],[-64.25438,-31.40669],[-64.25484,-31.40655],[-64.25518,-31.40638],[-64.25532,-31.40628],[-64.25762,-31.40472],[-64.25848,-31.40408],[-64.25912,-31.40362],[-64.25923,-31.40354],[-64.25971,-31.4032],[-64.25994,-31.40302],[-64.26002,-31.40296],[-64.26019,-31.40277],[-64.26059,-31.40213],[-64.26101,-31.40172],[-64.26118,-31.40153],[-64.26123,-31.40147],[-64.26128,-31.40157]]]]}},{"type":"Feature","properties":{"link":"140145215","frac":"52","radio":"15","etiqueta":"52-15","sector":"yapeyu"},"geometry":{"type":"MultiPolygon","coordinates":[[[[-64.12667,-31.40301],[-64.12902,-31.40326],[-64.13023,-31.40338],[-64.13145,-31.40348],[-64.13181,-31.40352],[-64.13193,-31.40352],[-64.13244,-31.40356],[-64.13293,-31.40352],[-64.13359,-31.40346],[-64.13422,-31.40342],[-64.13477,-31.40338],[-64.13705,-31.40323],[-64.13809,-31.40316],[-64.13857,-31.40317],[-64.13887,-31.4032],[-64.13916,-31.40328],[-64.13936,-31.40337],[-64.14039,-31.40395],[-64.14055,-31.40405],[-64.14149,-31.40459],[-64.14158,-31.40464],[-64.14193,-31.40483],[-64.14291,-31.40536],[-64.1433,-31.4055],[-64.14376,-31.40561],[-64.14475,-31.40582],[-64.14487,-31.40585],[-64.14477,-31.40641],[-64.14444,-31.40804],[-64.14507,-31.40818],[-64.14557,-31.40827],[-64.1455,-31.40876],[-64.14542,-31.40919],[-64.14541,-31.40926],[-64.14532,-31.40973],[-64.14524,-31.41007],[-64.14522,-31.41016],[-64.14516,-31.41054],[-64.14507,-31.41106],[-64.14488,-31.41205],[-64.146,-31.41221],[-64.14591,-31.4127],[-64.14582,-31.4132],[-64.1447,-31.41306],[-64.14355,-31.41291],[-64.14274,-31.41279],[-64.14241,-31.41197],[-64.14237,-31.41169],[-64.14231,-31.41111],[-64.14212,-31.41092],[-64.1418,-31.41086],[-64.14159,-31.41088],[-64.14155,-31.41041],[-64.14154,-31.40985],[-64.14151,-31.40958],[-64.1415,-31.40946],[-64.14148,-31.40936],[-64.14151,-31.40916],[-64.14155,-31.40856],[-64.14156,-31.40838],[-64.14156,-31.40804],[-64.14157,-31.40795],[-64.14162,-31.40769],[-64.14163,-31.40757],[-64.14164,-31.40753],[-64.14165,-31.40743],[-64.14171,-31.40707],[-64.14172,-31.40684],[-64.14173,-31.40658],[-64.14172,-31.40638],[-64.1417,-31.40623],[-64.14166,-31.40608],[-64.1416,-31.40595],[-64.14154,-31.4059],[-64.14145,-31.40583],[-64.14133,-31.40579],[-64.13967,-31.40563],[-64.1385,-31.40533],[-64.13728,-31.40515],[-64.13619,-31.40515],[-64.13515,-31.40542],[-64.13441,-31.40553],[-64.13374,-31.40547],[-64.13281,-31.40561],[-64.13162,-31.40515],[-64.13092,-31.40528],[-64.13055,-31.40561],[-64.13047,-31.40601],[-64.13057,-31.4064],[-64.1306,-31.40726],[-64.13014,-31.40776],[-64.13004,-31.40781],[-64.12982,-31.40797],[-64.12975,-31.40801],[-64.12964,-31.40806],[-64.12958,-31.40811],[-64.12934,-31.40825],[-64.12926,-31.4083],[-64.12917,-31.40834],[-64.12898,-31.40842],[-64.12883,-31.40845],[-64.12876,-31.40846],[-64.1284,-31.40847],[-64.12822,-31.40847],[-64.12815,-31.40846],[-64.12803,-31.40843],[-64.12788,-31.40841],[-64.12768,-31.40839],[-64.12756,-31.40837],[-64.12734,-31.40834],[-64.12716,-31.40832],[-64.12701,-31.40831],[-64.12683,-31.40827],[-64.12666,-31.40821],[-64.12648,-31.40814],[-64.12631,-31.40805],[-64.12591,-31.40783],[-64.12573,-31.40775],[-64.12549,-31.40767],[-64.12528,-31.40758],[-64.12467,-31.40725],[-64.1244,-31.40712],[-64.12377,-31.40679],[-64.12351,-31.40666],[-64.1242,-31.40576],[-64.12442,-31.40545],[-64.12462,-31.40515],[-64.12497,-31.40462],[-64.1253,-31.40408],[-64.12595,-31.4029],[-64.12628,-31.40296],[-64.12667,-31.40301]]]]}},{"type":"Feature","properties":{"link":"140140805","frac":"08","radio":"05","etiqueta":"08-05","sector":"los_robles"},"geometry":{"type":"MultiPolygon","coordinates":[[[[-64.26737,-31.40174],[-64.26807,-31.4016],[-64.26822,-31.40219],[-64.26766,-31.40229],[-64.26766,-31.40277],[-64.26766,-31.40388],[-64.26723,-31.40388],[-64.26695,-31.40394],[-64.2667,-31.40412],[-64.2663,-31.4043],[-64.26618,-31.40477],[-64.26621,-31.40565],[-64.26616,-31.40644],[-64.26612,-31.40696],[-64.26583,-31.40696],[-64.26539,-31.40696],[-64.26488,-31.40695],[-64.26488,-31.40642],[-64.26488,-31.40563],[-64.26488,-31.4043],[-64.26487,-31.40281],[-64.26488,-31.40251],[-64.26481,-31.40224],[-64.26546,-31.40211],[-64.2661,-31.40199],[-64.26674,-31.40186],[-64.26737,-31.40174]]]]}},{"type":"Feature","properties":{"link":"140144404","frac":"44","radio":"04","etiqueta":"44-04","sector":"los_robles"},"geometry":{"type":"MultiPolygon","coordinates":[[[[-64.24119,-31.40281],[-64.24234,-31.40242],[-64.24254,-31.40284],[-64.24277,-31.40335],[-64.24295,-31.40375],[-64.24319,-31.40427],[-64.24378,-31.40553],[-64.24325,-31.40579],[-64.24281,-31.40597],[-64.24274,-31.406],[-64.2421,-31.40617],[-64.24163,-31.40631],[-64.24101,-31.40504],[-64.24057,-31.40414],[-64.24011,-31.40319],[-64.24048,-31.40307],[-64.2406,-31.40302],[-64.24088,-31.40292],[-64.24091,-31.40291],[-64.24119,-31.40281]]]]}},{"type":"Feature","properties":{"link":"140140806","frac":"08","radio":"06","etiqueta":"08-06","sector":"los_robles"},"geometry":{"type":"MultiPolygon","coordinates":[[[[-64.2642,-31.40235],[-64.26481,-31.40224],[-64.26488,-31.40251],[-64.26487,-31.40281],[-64.26488,-31.4043],[-64.26488,-31.40563],[-64.26488,-31.40642],[-64.26488,-31.40695],[-64.26466,-31.40695],[-64.26414,-31.40695],[-64.26387,-31.40695],[-64.26307,-31.40695],[-64.26234,-31.40694],[-64.26215,-31.40694],[-64.2616,-31.40694],[-64.261,-31.40694],[-64.26087,-31.40694],[-64.26062,-31.40694],[-64.26061,-31.40573],[-64.26061,-31.40566],[-64.26063,-31.40435],[-64.26039,-31.40424],[-64.26072,-31.40397],[-64.26137,-31.4034],[-64.26149,-31.40331],[-64.26197,-31.40282],[-64.26202,-31.40276],[-64.26271,-31.40264],[-64.26351,-31.40248],[-64.2642,-31.40235]]]]}},{"type":"Feature","properties":{"link":"140140813","frac":"08","radio":"13","etiqueta":"08-13","sector":"los_robles"},"geometry":{"type":"MultiPolygon","coordinates":[[[[-64.26979,-31.40348],[-64.27006,-31.40349],[-64.27005,-31.40504],[-64.27001,-31.40926],[-64.26971,-31.40924],[-64.26946,-31.40926],[-64.26937,-31.40926],[-64.26908,-31.40927],[-64.26905,-31.40927],[-64.26833,-31.40926],[-64.26759,-31.40926],[-64.26685,-31.40926],[-64.26612,-31.40927],[-64.26539,-31.40926],[-64.26466,-31.40925],[-64.26386,-31.40925],[-64.26308,-31.40926],[-64.26308,-31.40804],[-64.26307,-31.40695],[-64.26387,-31.40695],[-64.26414,-31.40695],[-64.26466,-31.40695],[-64.26488,-31.40695],[-64.26539,-31.40696],[-64.26583,-31.40696],[-64.26612,-31.40696],[-64.26685,-31.40696],[-64.2676,-31.40697],[-64.26833,-31.40697],[-64.26908,-31.40697],[-64.26944,-31.40698],[-64.26945,-31.40615],[-64.26945,-31.40478],[-64.26946,-31.40348],[-64.26955,-31.40347],[-64.26979,-31.40348]]]]}},{"type":"Feature","properties":{"link":"140144414","frac":"44","radio":"14","etiqueta":"44-14","sector":"los_robles"},"geometry":{"type":"MultiPolygon","coordinates":[[[[-64.24818,-31.40538],[-64.24871,-31.4052],[-64.24873,-31.40519],[-64.24922,-31.40619],[-64.2499,-31.40594],[-64.25044,-31.40705],[-64.24976,-31.40728],[-64.2492,-31.40748],[-64.24875,-31.40766],[-64.2486,-31.40736],[-64.24814,-31.40754],[-64.24764,-31.40773],[-64.24743,-31.40732],[-64.24722,-31.4069],[-64.24638,-31.40721],[-64.24629,-31.40693],[-64.24618,-31.40658],[-64.24605,-31.40615],[-64.24591,-31.40568],[-64.24578,-31.40526],[-64.24564,-31.40477],[-64.24571,-31.40464],[-64.24614,-31.40443],[-64.24738,-31.40385],[-64.24818,-31.40538]]]]}},{"type":"Feature","properties":{"link":"140147501","frac":"75","radio":"01","etiqueta":"75-01","sector":"maldonado"},"geometry":{"type":"MultiPolygon","coordinates":[[[[-64.1385,-31.40533],[-64.13967,-31.40563],[-64.14133,-31.40579],[-64.14145,-31.40583],[-64.14154,-31.4059],[-64.1416,-31.40595],[-64.14166,-31.40608],[-64.1417,-31.40623],[-64.14172,-31.40638],[-64.14173,-31.40658],[-64.14172,-31.40684],[-64.14171,-31.40707],[-64.14165,-31.40743],[-64.14164,-31.40753],[-64.14163,-31.40757],[-64.14162,-31.40769],[-64.14157,-31.40795],[-64.14156,-31.40804],[-64.14156,-31.40838],[-64.14155,-31.40856],[-64.14151,-31.40916],[-64.14148,-31.40936],[-64.1415,-31.40946],[-64.14105,-31.40932],[-64.14095,-31.40929],[-64.14073,-31.40922],[-64.13961,-31.40974],[-64.13937,-31.40943],[-64.13935,-31.4094],[-64.13893,-31.40963],[-64.13815,-31.40984],[-64.13778,-31.40987],[-64.13757,-31.40949],[-64.13791,-31.40939],[-64.13848,-31.40934],[-64.13893,-31.40911],[-64.13853,-31.40848],[-64.13851,-31.40845],[-64.13797,-31.4076],[-64.1378,-31.40731],[-64.13773,-31.40719],[-64.13774,-31.40703],[-64.13757,-31.40698],[-64.13684,-31.40679],[-64.13687,-31.4067],[-64.1369,-31.40663],[-64.13668,-31.40658],[-64.13564,-31.40632],[-64.13488,-31.40617],[-64.13392,-31.4059],[-64.13367,-31.4059],[-64.1335,-31.40592],[-64.13326,-31.40601],[-64.13302,-31.40618],[-64.1329,-31.40629],[-64.13265,-31.40653],[-64.1324,-31.4068],[-64.13222,-31.40702],[-64.13194,-31.40742],[-64.13167,-31.40803],[-64.13145,-31.40829],[-64.13125,-31.40778],[-64.13128,-31.40764],[-64.1312,-31.40758],[-64.13098,-31.4076],[-64.13076,-31.40743],[-64.13075,-31.40733],[-64.13072,-31.40729],[-64.13067,-31.40727],[-64.1306,-31.40726],[-64.13057,-31.4064],[-64.13047,-31.40601],[-64.13055,-31.40561],[-64.13092,-31.40528],[-64.13162,-31.40515],[-64.13281,-31.40561],[-64.13374,-31.40547],[-64.13441,-31.40553],[-64.13515,-31.40542],[-64.13619,-31.40515],[-64.13728,-31.40515],[-64.1385,-31.40533]]]]}},{"type":"Feature","properties":{"link":"140140812","frac":"08","radio":"12","etiqueta":"08-12","sector":"los_robles"},"geometry":{"type":"MultiPolygon","coordinates":[[[[-64.26063,-31.40435],[-64.26061,-31.40566],[-64.26061,-31.40573],[-64.26062,-31.40694],[-64.26087,-31.40694],[-64.261,-31.40694],[-64.2616,-31.40694],[-64.26215,-31.40694],[-64.26234,-31.40694],[-64.26307,-31.40695],[-64.26308,-31.40804],[-64.26235,-31.40805],[-64.26234,-31.40925],[-64.2616,-31.40925],[-64.26093,-31.40926],[-64.26013,-31.40927],[-64.25939,-31.40927],[-64.25864,-31.40926],[-64.25864,-31.40804],[-64.25864,-31.40692],[-64.25846,-31.40698],[-64.25789,-31.40698],[-64.25784,-31.40686],[-64.25788,-31.40674],[-64.25862,-31.40612],[-64.25892,-31.40579],[-64.25923,-31.40548],[-64.25989,-31.40476],[-64.26039,-31.40424],[-64.26063,-31.40435]]]]}},{"type":"Feature","properties":{"link":"140144415","frac":"44","radio":"15","etiqueta":"44-15","sector":"los_robles"},"geometry":{"type":"MultiPolygon","coordinates":[[[[-64.24571,-31.40464],[-64.24564,-31.40477],[-64.24578,-31.40526],[-64.24591,-31.40568],[-64.24605,-31.40615],[-64.24618,-31.40658],[-64.24629,-31.40693],[-64.24638,-31.40721],[-64.24722,-31.4069],[-64.24743,-31.40732],[-64.24764,-31.40773],[-64.24814,-31.40754],[-64.2486,-31.40736],[-64.24875,-31.40766],[-64.2492,-31.40748],[-64.24976,-31.40728],[-64.25044,-31.40705],[-64.25074,-31.40695],[-64.25077,-31.40701],[-64.25133,-31.4068],[-64.25195,-31.40674],[-64.25325,-31.4066],[-64.25338,-31.40673],[-64.25273,-31.40677],[-64.25102,-31.40706],[-64.2504,-31.40729],[-64.25002,-31.40743],[-64.24939,-31.40764],[-64.24879,-31.40787],[-64.24835,-31.40803],[-64.24812,-31.40824],[-64.24761,-31.40917],[-64.24731,-31.4097],[-64.24706,-31.41006],[-64.24675,-31.41084],[-64.24673,-31.41089],[-64.24656,-31.41146],[-64.24622,-31.41148],[-64.24579,-31.41151],[-64.24552,-31.41153],[-64.24488,-31.41158],[-64.24424,-31.41162],[-64.24368,-31.40953],[-64.2436,-31.40921],[-64.24343,-31.40859],[-64.24326,-31.40797],[-64.2431,-31.40733],[-64.24293,-31.40669],[-64.24274,-31.406],[-64.24281,-31.40597],[-64.24325,-31.40579],[-64.24378,-31.40553],[-64.24571,-31.40464]]]]}},{"type":"Feature","properties":{"link":"140147503","frac":"75","radio":"03","etiqueta":"75-03","sector":"maldonado"},"geometry":{"type":"MultiPolygon","coordinates":[[[[-64.13367,-31.4059],[-64.13392,-31.4059],[-64.13488,-31.40617],[-64.13564,-31.40632],[-64.13668,-31.40658],[-64.1369,-31.40663],[-64.13687,-31.4067],[-64.13684,-31.40679],[-64.13757,-31.40698],[-64.13643,-31.40787],[-64.13538,-31.40812],[-64.13554,-31.40861],[-64.13558,-31.40876],[-64.13569,-31.40918],[-64.13587,-31.40973],[-64.13535,-31.40985],[-64.13549,-31.41036],[-64.13556,-31.41061],[-64.13486,-31.41188],[-64.13492,-31.41211],[-64.13465,-31.41217],[-64.13418,-31.41227],[-64.13406,-31.41224],[-64.13266,-31.41195],[-64.13254,-31.41193],[-64.13169,-31.41178],[-64.13164,-31.41178],[-64.12999,-31.41188],[-64.13,-31.41181],[-64.13007,-31.41168],[-64.1302,-31.41156],[-64.13084,-31.41133],[-64.13116,-31.41119],[-64.1314,-31.41107],[-64.13149,-31.41101],[-64.1315,-31.411],[-64.13175,-31.41074],[-64.13192,-31.41049],[-64.13202,-31.41027],[-64.13209,-31.41013],[-64.13206,-31.41003],[-64.13176,-31.40963],[-64.13159,-31.40914],[-64.13153,-31.40883],[-64.13148,-31.40869],[-64.13149,-31.40848],[-64.13145,-31.40829],[-64.13167,-31.40803],[-64.13194,-31.40742],[-64.13222,-31.40702],[-64.1324,-31.4068],[-64.13265,-31.40653],[-64.1329,-31.40629],[-64.13302,-31.40618],[-64.13326,-31.40601],[-64.1335,-31.40592],[-64.13367,-31.4059]]]]}},{"type":"Feature","properties":{"link":"140145214","frac":"52","radio":"14","etiqueta":"52-14","sector":"yapeyu"},"geometry":{"type":"MultiPolygon","coordinates":[[[[-64.14668,-31.40617],[-64.14704,-31.40623],[-64.14808,-31.4068],[-64.14891,-31.40728],[-64.14867,-31.4079],[-64.14829,-31.40893],[-64.14802,-31.40887],[-64.14807,-31.40999],[-64.14729,-31.40985],[-64.1471,-31.40982],[-64.14668,-31.41045],[-64.14636,-31.41032],[-64.14647,-31.40987],[-64.14532,-31.40973],[-64.14541,-31.40926],[-64.14542,-31.40919],[-64.1455,-31.40876],[-64.14557,-31.40827],[-64.14507,-31.40818],[-64.14444,-31.40804],[-64.14477,-31.40641],[-64.14487,-31.40585],[-64.14597,-31.40603],[-64.14668,-31.40617]]]]}},{"type":"Feature","properties":{"link":"140147509","frac":"75","radio":"09","etiqueta":"75-09","sector":"maldonado"},"geometry":{"type":"MultiPolygon","coordinates":[[[[-64.1244,-31.40712],[-64.12467,-31.40725],[-64.12528,-31.40758],[-64.12549,-31.40767],[-64.12573,-31.40775],[-64.12591,-31.40783],[-64.12631,-31.40805],[-64.12648,-31.40814],[-64.12666,-31.40821],[-64.12683,-31.40827],[-64.12701,-31.40831],[-64.12716,-31.40832],[-64.12734,-31.40834],[-64.12756,-31.40837],[-64.12768,-31.40839],[-64.12788,-31.40841],[-64.12803,-31.40843],[-64.12815,-31.40846],[-64.12822,-31.40847],[-64.1284,-31.40847],[-64.12876,-31.40846],[-64.12883,-31.40845],[-64.12898,-31.40842],[-64.12917,-31.40834],[-64.12926,-31.4083],[-64.12934,-31.40825],[-64.12958,-31.40811],[-64.12964,-31.40806],[-64.12975,-31.40801],[-64.12982,-31.40797],[-64.13004,-31.40781],[-64.13014,-31.40776],[-64.1306,-31.40726],[-64.13067,-31.40727],[-64.13072,-31.40729],[-64.13075,-31.40733],[-64.13076,-31.40743],[-64.13098,-31.4076],[-64.1312,-31.40758],[-64.13128,-31.40764],[-64.13125,-31.40778],[-64.13145,-31.40829],[-64.13149,-31.40848],[-64.13148,-31.40869],[-64.13153,-31.40883],[-64.13159,-31.40914],[-64.13176,-31.40963],[-64.13206,-31.41003],[-64.13209,-31.41013],[-64.13202,-31.41027],[-64.13192,-31.41049],[-64.13175,-31.41074],[-64.1315,-31.411],[-64.13149,-31.41101],[-64.1314,-31.41107],[-64.13116,-31.41119],[-64.13084,-31.41133],[-64.1302,-31.41156],[-64.13007,-31.41168],[-64.13,-31.41181],[-64.12999,-31.41188],[-64.12879,-31.41195],[-64.12812,-31.41202],[-64.12708,-31.41224],[-64.12669,-31.41239],[-64.1263,-31.41252],[-64.12589,-31.41265],[-64.12565,-31.41274],[-64.12522,-31.41288],[-64.12479,-31.41303],[-64.12464,-31.41308],[-64.12408,-31.41323],[-64.12406,-31.41285],[-64.12406,-31.41254],[-64.12407,-31.41214],[-64.12408,-31.41171],[-64.12409,-31.41121],[-64.12408,-31.41095],[-64.12408,-31.41064],[-64.12352,-31.41078],[-64.12304,-31.41092],[-64.12285,-31.41098],[-64.12278,-31.411],[-64.12251,-31.41107],[-64.12141,-31.41136],[-64.1212,-31.41127],[-64.12098,-31.41103],[-64.12086,-31.41129],[-64.12078,-31.41144],[-64.12062,-31.41154],[-64.12048,-31.41158],[-64.12031,-31.41172],[-64.12015,-31.41189],[-64.11993,-31.41212],[-64.11989,-31.41218],[-64.11961,-31.41242],[-64.11951,-31.41251],[-64.11933,-31.41274],[-64.11918,-31.41292],[-64.11863,-31.41346],[-64.11845,-31.41372],[-64.11817,-31.41406],[-64.1177,-31.41361],[-64.11884,-31.41264],[-64.11979,-31.41173],[-64.1213,-31.40994],[-64.12169,-31.40944],[-64.12306,-31.40769],[-64.1236,-31.40701],[-64.12377,-31.40679],[-64.1244,-31.40712]]]]}},{"type":"Feature","properties":{"link":"140140809","frac":"08","radio":"09","etiqueta":"08-09","sector":"los_robles"},"geometry":{"type":"MultiPolygon","coordinates":[[[[-64.25789,-31.40698],[-64.25846,-31.40698],[-64.25864,-31.40692],[-64.25864,-31.40804],[-64.25864,-31.40926],[-64.25793,-31.40928],[-64.25755,-31.40929],[-64.25755,-31.4095],[-64.2572,-31.4095],[-64.25646,-31.40952],[-64.25637,-31.40952],[-64.25582,-31.40952],[-64.25572,-31.40952],[-64.25524,-31.40951],[-64.25525,-31.40857],[-64.25581,-31.40857],[-64.25639,-31.40854],[-64.25631,-31.40799],[-64.25666,-31.40797],[-64.25678,-31.40746],[-64.25717,-31.40687],[-64.25767,-31.40691],[-64.25789,-31.40698]]]]}},{"type":"Feature","properties":{"link":"140145212","frac":"52","radio":"12","etiqueta":"52-12","sector":"yapeyu"},"geometry":{"type":"MultiPolygon","coordinates":[[[[-64.15049,-31.40883],[-64.15092,-31.40916],[-64.15104,-31.40924],[-64.15169,-31.4097],[-64.15183,-31.40987],[-64.15241,-31.41004],[-64.15203,-31.41107],[-64.15166,-31.41205],[-64.15085,-31.41181],[-64.14999,-31.41159],[-64.14916,-31.41136],[-64.14937,-31.41088],[-64.14955,-31.4104],[-64.14994,-31.40936],[-64.15023,-31.4086],[-64.15039,-31.40874],[-64.15049,-31.40883]]]]}},{"type":"Feature","properties":{"link":"140140811","frac":"08","radio":"11","etiqueta":"08-11","sector":"los_robles"},"geometry":{"type":"MultiPolygon","coordinates":[[[[-64.26308,-31.40804],[-64.26308,-31.40926],[-64.26306,-31.41038],[-64.26306,-31.41155],[-64.26233,-31.41155],[-64.2616,-31.41155],[-64.2615,-31.41155],[-64.26093,-31.41155],[-64.26034,-31.41155],[-64.26014,-31.41155],[-64.25943,-31.41155],[-64.25919,-31.41155],[-64.25865,-31.41154],[-64.25865,-31.41035],[-64.25864,-31.40926],[-64.25939,-31.40927],[-64.26013,-31.40927],[-64.26093,-31.40926],[-64.2616,-31.40925],[-64.26234,-31.40925],[-64.26235,-31.40805],[-64.26308,-31.40804]]]]}},{"type":"Feature","properties":{"link":"140147401","frac":"74","radio":"01","etiqueta":"74-01","sector":"maldonado"},"geometry":{"type":"MultiPolygon","coordinates":[[[[-64.14105,-31.40932],[-64.1415,-31.40946],[-64.14151,-31.40958],[-64.14154,-31.40985],[-64.14155,-31.41041],[-64.14159,-31.41088],[-64.1416,-31.411],[-64.14162,-31.41107],[-64.14163,-31.4112],[-64.14169,-31.41143],[-64.14168,-31.41157],[-64.14166,-31.41164],[-64.14164,-31.41172],[-64.14162,-31.41177],[-64.1416,-31.41184],[-64.14155,-31.4119],[-64.14152,-31.41204],[-64.14154,-31.4122],[-64.14158,-31.41235],[-64.14161,-31.4125],[-64.14165,-31.4126],[-64.14168,-31.41268],[-64.1417,-31.41278],[-64.14173,-31.41296],[-64.14175,-31.41313],[-64.14164,-31.41314],[-64.14135,-31.41316],[-64.14095,-31.41319],[-64.14017,-31.41325],[-64.13952,-31.41332],[-64.13892,-31.41337],[-64.13767,-31.41347],[-64.13759,-31.41291],[-64.13751,-31.41239],[-64.13743,-31.41186],[-64.13735,-31.41133],[-64.13724,-31.41045],[-64.13726,-31.41039],[-64.13728,-31.41036],[-64.13776,-31.41002],[-64.13815,-31.40984],[-64.13893,-31.40963],[-64.13935,-31.4094],[-64.13937,-31.40943],[-64.13961,-31.40974],[-64.14073,-31.40922],[-64.14095,-31.40929],[-64.14105,-31.40932]]]]}},{"type":"Feature","properties":{"link":"140145216","frac":"52","radio":"16","etiqueta":"52-16","sector":"yapeyu"},"geometry":{"type":"MultiPolygon","coordinates":[[[[-64.14807,-31.40999],[-64.14807,-31.41061],[-64.14809,-31.41115],[-64.14811,-31.41162],[-64.14811,-31.41185],[-64.14799,-31.41186],[-64.1461,-31.41159],[-64.14596,-31.41216],[-64.146,-31.41221],[-64.14488,-31.41205],[-64.14507,-31.41106],[-64.14516,-31.41054],[-64.14522,-31.41016],[-64.14524,-31.41007],[-64.14532,-31.40973],[-64.14647,-31.40987],[-64.14636,-31.41032],[-64.14668,-31.41045],[-64.1471,-31.40982],[-64.14729,-31.40985],[-64.14807,-31.40999]]]]}},{"type":"Feature","properties":{"link":"140146102","frac":"61","radio":"02","etiqueta":"61-02","sector":"los_robles"},"geometry":{"type":"MultiPolygon","coordinates":[[[[-64.25209,-31.40887],[-64.2534,-31.40877],[-64.25341,-31.40922],[-64.25333,-31.40933],[-64.25322,-31.40934],[-64.25324,-31.40972],[-64.25327,-31.41007],[-64.25331,-31.41042],[-64.25248,-31.4105],[-64.25167,-31.41056],[-64.25108,-31.4106],[-64.25093,-31.41062],[-64.25076,-31.41063],[-64.24943,-31.41072],[-64.24944,-31.41018],[-64.24945,-31.40962],[-64.24945,-31.40907],[-64.25079,-31.40897],[-64.25143,-31.40892],[-64.25209,-31.40887]]]]}},{"type":"Feature","properties":{"link":"140145218","frac":"52","radio":"18","etiqueta":"52-18","sector":"yapeyu"},"geometry":{"type":"MultiPolygon","coordinates":[[[[-64.15327,-31.41025],[-64.15405,-31.41045],[-64.15402,-31.41052],[-64.15365,-31.41153],[-64.1533,-31.41251],[-64.15291,-31.41357],[-64.15253,-31.41461],[-64.15175,-31.41439],[-64.1509,-31.41416],[-64.15112,-31.41349],[-64.15127,-31.41312],[-64.15166,-31.41205],[-64.15203,-31.41107],[-64.15241,-31.41004],[-64.15248,-31.41001],[-64.15327,-31.41025]]]]}},{"type":"Feature","properties":{"link":"140147402","frac":"74","radio":"02","etiqueta":"74-02","sector":"maldonado"},"geometry":{"type":"MultiPolygon","coordinates":[[[[-64.13724,-31.41045],[-64.13735,-31.41133],[-64.13743,-31.41186],[-64.13751,-31.41239],[-64.13759,-31.41291],[-64.13767,-31.41347],[-64.13775,-31.414],[-64.13704,-31.41406],[-64.1365,-31.4141],[-64.13588,-31.41415],[-64.13526,-31.41421],[-64.13518,-31.41368],[-64.13423,-31.41375],[-64.13422,-31.41332],[-64.1342,-31.41269],[-64.13418,-31.41227],[-64.13465,-31.41217],[-64.13492,-31.41211],[-64.13498,-31.4121],[-64.13535,-31.41182],[-64.13556,-31.41163],[-64.13571,-31.41151],[-64.13591,-31.41133],[-64.13601,-31.4112],[-64.13611,-31.41115],[-64.13622,-31.41112],[-64.13651,-31.41088],[-64.13658,-31.41072],[-64.13675,-31.41055],[-64.13692,-31.41045],[-64.13703,-31.41039],[-64.13716,-31.41032],[-64.13726,-31.41039],[-64.13724,-31.41045]]]]}},{"type":"Feature","properties":{"link":"140140810","frac":"08","radio":"10","etiqueta":"08-10","sector":"los_robles"},"geometry":{"type":"MultiPolygon","coordinates":[[[[-64.25865,-31.41035],[-64.25865,-31.41154],[-64.25803,-31.41154],[-64.2579,-31.41154],[-64.25745,-31.41154],[-64.25722,-31.41155],[-64.25688,-31.41154],[-64.25643,-31.41154],[-64.2557,-31.41155],[-64.25421,-31.41157],[-64.2542,-31.4111],[-64.25499,-31.41104],[-64.25496,-31.41036],[-64.25499,-31.40953],[-64.25524,-31.40951],[-64.25572,-31.40952],[-64.25582,-31.40952],[-64.25637,-31.40952],[-64.25646,-31.40952],[-64.2572,-31.4095],[-64.25755,-31.4095],[-64.25755,-31.40929],[-64.25793,-31.40928],[-64.25864,-31.40926],[-64.25865,-31.41035]]]]}},{"type":"Feature","properties":{"link":"140140814","frac":"08","radio":"14","etiqueta":"08-14","sector":"los_robles"},"geometry":{"type":"MultiPolygon","coordinates":[[[[-64.26386,-31.40925],[-64.26466,-31.40925],[-64.26539,-31.40926],[-64.26612,-31.40927],[-64.26685,-31.40926],[-64.26759,-31.40926],[-64.26833,-31.40926],[-64.26905,-31.40927],[-64.26908,-31.40927],[-64.26937,-31.40926],[-64.26946,-31.40926],[-64.26971,-31.40924],[-64.27001,-31.40926],[-64.27,-31.41156],[-64.26972,-31.41156],[-64.2695,-31.41156],[-64.26943,-31.41156],[-64.26908,-31.41156],[-64.26832,-31.41156],[-64.26759,-31.41156],[-64.26686,-31.41155],[-64.2665,-31.41155],[-64.26612,-31.41155],[-64.26596,-31.41155],[-64.26539,-31.41156],[-64.26491,-31.41155],[-64.26465,-31.41155],[-64.26441,-31.41155],[-64.26386,-31.41155],[-64.26306,-31.41155],[-64.26306,-31.41038],[-64.26308,-31.40926],[-64.26386,-31.40925]]]]}},{"type":"Feature","properties":{"link":"140147510","frac":"75","radio":"10","etiqueta":"75-10","sector":"maldonado"},"geometry":{"type":"MultiPolygon","coordinates":[[[[-64.12408,-31.41095],[-64.12409,-31.41121],[-64.12408,-31.41171],[-64.12407,-31.41214],[-64.12406,-31.41254],[-64.12406,-31.41285],[-64.12408,-31.41323],[-64.12395,-31.41335],[-64.12344,-31.4138],[-64.12332,-31.41391],[-64.12293,-31.41413],[-64.1226,-31.41433],[-64.122,-31.41463],[-64.12163,-31.41485],[-64.12126,-31.41489],[-64.1206,-31.41507],[-64.12059,-31.41468],[-64.11999,-31.41467],[-64.11964,-31.41467],[-64.11925,-31.41469],[-64.11925,-31.41418],[-64.11806,-31.41415],[-64.11817,-31.41406],[-64.11845,-31.41372],[-64.11863,-31.41346],[-64.11918,-31.41292],[-64.11933,-31.41274],[-64.11951,-31.41251],[-64.11961,-31.41242],[-64.11989,-31.41218],[-64.11993,-31.41212],[-64.12015,-31.41189],[-64.12031,-31.41172],[-64.12048,-31.41158],[-64.12062,-31.41154],[-64.12078,-31.41144],[-64.12086,-31.41129],[-64.12098,-31.41103],[-64.1212,-31.41127],[-64.12141,-31.41136],[-64.12251,-31.41107],[-64.12278,-31.411],[-64.12285,-31.41098],[-64.12304,-31.41092],[-64.12352,-31.41078],[-64.12408,-31.41064],[-64.12408,-31.41095]]]]}},{"type":"Feature","properties":{"link":"140145219","frac":"52","radio":"19","etiqueta":"52-19","sector":"yapeyu"},"geometry":{"type":"MultiPolygon","coordinates":[[[[-64.15402,-31.41052],[-64.15405,-31.41045],[-64.15445,-31.41056],[-64.15557,-31.41087],[-64.15714,-31.4113],[-64.15712,-31.41134],[-64.15711,-31.41138],[-64.15692,-31.41181],[-64.15671,-31.41237],[-64.15652,-31.41287],[-64.15635,-31.41334],[-64.15556,-31.41313],[-64.15482,-31.41292],[-64.15406,-31.41271],[-64.1533,-31.41251],[-64.15365,-31.41153],[-64.15402,-31.41052]]]]}},{"type":"Feature","properties":{"link":"140145225","frac":"52","radio":"25","etiqueta":"52-25","sector":"yapeyu"},"geometry":{"type":"MultiPolygon","coordinates":[[[[-64.14212,-31.41092],[-64.14231,-31.41111],[-64.14237,-31.41169],[-64.14241,-31.41197],[-64.14274,-31.41279],[-64.14355,-31.41291],[-64.1447,-31.41306],[-64.14582,-31.4132],[-64.14572,-31.41371],[-64.14686,-31.41387],[-64.1468,-31.41437],[-64.1467,-31.41486],[-64.1466,-31.41536],[-64.1465,-31.41592],[-64.14587,-31.41583],[-64.14494,-31.41571],[-64.14486,-31.41583],[-64.14459,-31.41605],[-64.14498,-31.41641],[-64.14553,-31.4168],[-64.14608,-31.41711],[-64.14661,-31.41736],[-64.14746,-31.41774],[-64.148,-31.41792],[-64.1485,-31.41802],[-64.14945,-31.41805],[-64.14992,-31.41804],[-64.14995,-31.41834],[-64.1498,-31.41838],[-64.14952,-31.4184],[-64.14945,-31.41838],[-64.14938,-31.41839],[-64.14922,-31.41843],[-64.14915,-31.41843],[-64.14909,-31.41842],[-64.14904,-31.41839],[-64.14899,-31.41837],[-64.14891,-31.41837],[-64.14875,-31.41838],[-64.14856,-31.41839],[-64.14834,-31.41842],[-64.14826,-31.41843],[-64.14816,-31.41841],[-64.14801,-31.41841],[-64.14742,-31.41842],[-64.14712,-31.41847],[-64.147,-31.4185],[-64.14693,-31.4186],[-64.1469,-31.41863],[-64.14684,-31.41865],[-64.14661,-31.41865],[-64.14651,-31.41864],[-64.14637,-31.4186],[-64.14625,-31.41858],[-64.1461,-31.41851],[-64.14606,-31.41848],[-64.14603,-31.41844],[-64.14595,-31.41838],[-64.14574,-31.41831],[-64.14571,-31.41829],[-64.14537,-31.41814],[-64.14525,-31.41811],[-64.14508,-31.41806],[-64.14492,-31.41798],[-64.14474,-31.41788],[-64.14452,-31.41781],[-64.14442,-31.41778],[-64.14439,-31.41776],[-64.14425,-31.4177],[-64.14412,-31.41761],[-64.14397,-31.41751],[-64.14391,-31.41747],[-64.14384,-31.4174],[-64.1437,-31.41731],[-64.1436,-31.41724],[-64.1435,-31.41717],[-64.14342,-31.41709],[-64.14334,-31.41697],[-64.14315,-31.41679],[-64.14312,-31.41674],[-64.14307,-31.41663],[-64.14291,-31.41637],[-64.14289,-31.41632],[-64.14284,-31.41626],[-64.1428,-31.4161],[-64.14274,-31.41598],[-64.14268,-31.41575],[-64.14266,-31.41571],[-64.14261,-31.41555],[-64.14256,-31.41542],[-64.14256,-31.41523],[-64.14254,-31.4151],[-64.1425,-31.41501],[-64.14246,-31.41492],[-64.14242,-31.41485],[-64.14238,-31.41481],[-64.14233,-31.41474],[-64.14229,-31.41468],[-64.14223,-31.41457],[-64.14203,-31.41413],[-64.14193,-31.41386],[-64.14188,-31.41373],[-64.14185,-31.41356],[-64.14182,-31.41351],[-64.1418,-31.41344],[-64.14175,-31.41324],[-64.14175,-31.41313],[-64.14173,-31.41296],[-64.1417,-31.41278],[-64.14168,-31.41268],[-64.14165,-31.4126],[-64.14161,-31.4125],[-64.14158,-31.41235],[-64.14154,-31.4122],[-64.14152,-31.41204],[-64.14155,-31.4119],[-64.1416,-31.41184],[-64.14162,-31.41177],[-64.14164,-31.41172],[-64.14166,-31.41164],[-64.14168,-31.41157],[-64.14169,-31.41143],[-64.14163,-31.4112],[-64.14162,-31.41107],[-64.1416,-31.411],[-64.14159,-31.41088],[-64.1418,-31.41086],[-64.14212,-31.41092]]]]}},{"type":"Feature","properties":{"link":"140145217","frac":"52","radio":"17","etiqueta":"52-17","sector":"yapeyu"},"geometry":{"type":"MultiPolygon","coordinates":[[[[-64.14916,-31.41136],[-64.14999,-31.41159],[-64.15085,-31.41181],[-64.15166,-31.41205],[-64.15127,-31.41312],[-64.15112,-31.41349],[-64.1509,-31.41416],[-64.15004,-31.41393],[-64.14921,-31.4137],[-64.14837,-31.41346],[-64.14803,-31.41336],[-64.14805,-31.41299],[-64.1481,-31.41265],[-64.14812,-31.41251],[-64.14811,-31.41185],[-64.14811,-31.41162],[-64.14809,-31.41115],[-64.14813,-31.41109],[-64.14834,-31.41113],[-64.14916,-31.41136]]]]}},{"type":"Feature","properties":{"link":"140146103","frac":"61","radio":"03","etiqueta":"61-03","sector":"los_robles"},"geometry":{"type":"MultiPolygon","coordinates":[[[[-64.25248,-31.4105],[-64.25331,-31.41042],[-64.25335,-31.41084],[-64.25337,-31.41118],[-64.25339,-31.41155],[-64.25259,-31.4116],[-64.25211,-31.41164],[-64.25179,-31.41167],[-64.2512,-31.41171],[-64.25087,-31.41174],[-64.24942,-31.41185],[-64.24812,-31.41195],[-64.24812,-31.41136],[-64.24812,-31.41082],[-64.24943,-31.41072],[-64.25076,-31.41063],[-64.25093,-31.41062],[-64.25108,-31.4106],[-64.25167,-31.41056],[-64.25248,-31.4105]]]]}},{"type":"Feature","properties":{"link":"140145224","frac":"52","radio":"24","etiqueta":"52-24","sector":"yapeyu"},"geometry":{"type":"MultiPolygon","coordinates":[[[[-64.14811,-31.41185],[-64.14812,-31.41251],[-64.1481,-31.41265],[-64.14805,-31.41299],[-64.14803,-31.41336],[-64.14837,-31.41346],[-64.14815,-31.41406],[-64.1481,-31.4142],[-64.14799,-31.41448],[-64.14783,-31.41452],[-64.1478,-31.41471],[-64.14775,-31.41502],[-64.14769,-31.41551],[-64.14768,-31.41561],[-64.14762,-31.41607],[-64.14759,-31.41642],[-64.14751,-31.41736],[-64.14746,-31.41774],[-64.14661,-31.41736],[-64.14608,-31.41711],[-64.14553,-31.4168],[-64.14498,-31.41641],[-64.14459,-31.41605],[-64.14486,-31.41583],[-64.14494,-31.41571],[-64.14587,-31.41583],[-64.1465,-31.41592],[-64.1466,-31.41536],[-64.1467,-31.41486],[-64.1468,-31.41437],[-64.14686,-31.41387],[-64.14572,-31.41371],[-64.14582,-31.4132],[-64.14591,-31.4127],[-64.146,-31.41221],[-64.14596,-31.41216],[-64.1461,-31.41159],[-64.14799,-31.41186],[-64.14811,-31.41185]]]]}},{"type":"Feature","properties":{"link":"140147504","frac":"75","radio":"04","etiqueta":"75-04","sector":"maldonado"},"geometry":{"type":"MultiPolygon","coordinates":[[[[-64.13254,-31.41193],[-64.13266,-31.41195],[-64.13406,-31.41224],[-64.13418,-31.41227],[-64.1342,-31.41269],[-64.13422,-31.41332],[-64.13362,-31.41356],[-64.13293,-31.41389],[-64.13267,-31.41346],[-64.13236,-31.41295],[-64.13162,-31.4133],[-64.13101,-31.41356],[-64.13073,-31.41308],[-64.13052,-31.41274],[-64.13042,-31.41259],[-64.13018,-31.41221],[-64.12999,-31.41188],[-64.13164,-31.41178],[-64.13169,-31.41178],[-64.13254,-31.41193]]]]}},{"type":"Feature","properties":{"link":"140147508","frac":"75","radio":"08","etiqueta":"75-08","sector":"maldonado"},"geometry":{"type":"MultiPolygon","coordinates":[[[[-64.13018,-31.41221],[-64.13042,-31.41259],[-64.13052,-31.41274],[-64.13073,-31.41308],[-64.13101,-31.41356],[-64.13157,-31.4145],[-64.13099,-31.41473],[-64.13042,-31.41497],[-64.12951,-31.41533],[-64.12927,-31.41543],[-64.1289,-31.4156],[-64.12834,-31.41584],[-64.12743,-31.4162],[-64.12746,-31.41679],[-64.12748,-31.41733],[-64.12748,-31.41768],[-64.12747,-31.41802],[-64.12677,-31.41804],[-64.12662,-31.41804],[-64.12595,-31.41805],[-64.12596,-31.41901],[-64.12589,-31.41902],[-64.12582,-31.41904],[-64.12576,-31.41908],[-64.1257,-31.41911],[-64.12566,-31.41915],[-64.12562,-31.41919],[-64.12557,-31.41924],[-64.12555,-31.41928],[-64.12551,-31.41932],[-64.12439,-31.41932],[-64.12386,-31.41932],[-64.12327,-31.41932],[-64.1226,-31.41933],[-64.12195,-31.41933],[-64.12194,-31.41903],[-64.12194,-31.41858],[-64.12195,-31.41766],[-64.12197,-31.41625],[-64.122,-31.41484],[-64.122,-31.41463],[-64.1226,-31.41433],[-64.12293,-31.41413],[-64.12332,-31.41391],[-64.12344,-31.4138],[-64.12395,-31.41335],[-64.12408,-31.41323],[-64.12464,-31.41308],[-64.12479,-31.41303],[-64.12522,-31.41288],[-64.12565,-31.41274],[-64.12589,-31.41265],[-64.1263,-31.41252],[-64.12669,-31.41239],[-64.12708,-31.41224],[-64.12812,-31.41202],[-64.12879,-31.41195],[-64.12999,-31.41188],[-64.13018,-31.41221]]]]}},{"type":"Feature","properties":{"link":"140145220","frac":"52","radio":"20","etiqueta":"52-20","sector":"yapeyu"},"geometry":{"type":"MultiPolygon","coordinates":[[[[-64.15482,-31.41292],[-64.15556,-31.41313],[-64.15635,-31.41334],[-64.15595,-31.41439],[-64.15587,-31.41443],[-64.1555,-31.41538],[-64.15556,-31.41543],[-64.15479,-31.41523],[-64.15404,-31.41502],[-64.1533,-31.41481],[-64.15253,-31.41461],[-64.15291,-31.41357],[-64.1533,-31.41251],[-64.15406,-31.41271],[-64.15482,-31.41292]]]]}},{"type":"Feature","properties":{"link":"140147505","frac":"75","radio":"05","etiqueta":"75-05","sector":"maldonado"},"geometry":{"type":"MultiPolygon","coordinates":[[[[-64.13267,-31.41346],[-64.13293,-31.41389],[-64.13362,-31.41356],[-64.13422,-31.41332],[-64.13423,-31.41375],[-64.13424,-31.41428],[-64.13421,-31.41453],[-64.13422,-31.41484],[-64.13428,-31.4159],[-64.13428,-31.41671],[-64.13429,-31.41703],[-64.13434,-31.41796],[-64.13428,-31.41794],[-64.13361,-31.41794],[-64.1336,-31.41788],[-64.13316,-31.4172],[-64.1327,-31.41645],[-64.13261,-31.41631],[-64.13242,-31.41597],[-64.13209,-31.41544],[-64.13158,-31.41459],[-64.13157,-31.4145],[-64.13101,-31.41356],[-64.13162,-31.4133],[-64.13236,-31.41295],[-64.13267,-31.41346]]]]}},{"type":"Feature","properties":{"link":"140147404","frac":"74","radio":"04","etiqueta":"74-04","sector":"maldonado"},"geometry":{"type":"MultiPolygon","coordinates":[[[[-64.14175,-31.41324],[-64.1418,-31.41344],[-64.14182,-31.41351],[-64.14185,-31.41356],[-64.14188,-31.41373],[-64.14193,-31.41386],[-64.14203,-31.41413],[-64.14223,-31.41457],[-64.14229,-31.41468],[-64.14233,-31.41474],[-64.14238,-31.41481],[-64.14242,-31.41485],[-64.14246,-31.41492],[-64.1425,-31.41501],[-64.14254,-31.4151],[-64.14256,-31.41523],[-64.14215,-31.41525],[-64.14173,-31.41528],[-64.14134,-31.41532],[-64.14114,-31.41533],[-64.14051,-31.41538],[-64.13983,-31.41544],[-64.13925,-31.4155],[-64.13856,-31.41555],[-64.13799,-31.41559],[-64.13791,-31.41506],[-64.13783,-31.41453],[-64.13775,-31.414],[-64.13767,-31.41347],[-64.13892,-31.41337],[-64.13952,-31.41332],[-64.14017,-31.41325],[-64.14095,-31.41319],[-64.14135,-31.41316],[-64.14164,-31.41314],[-64.14175,-31.41313],[-64.14175,-31.41324]]]]}},{"type":"Feature","properties":{"link":"140145223","frac":"52","radio":"23","etiqueta":"52-23","sector":"yapeyu"},"geometry":{"type":"MultiPolygon","coordinates":[[[[-64.15004,-31.41393],[-64.14985,-31.41443],[-64.14966,-31.41496],[-64.1494,-31.41567],[-64.14931,-31.41592],[-64.14929,-31.41597],[-64.15014,-31.4162],[-64.14982,-31.41706],[-64.14975,-31.41723],[-64.14958,-31.41778],[-64.14945,-31.41805],[-64.1485,-31.41802],[-64.148,-31.41792],[-64.14746,-31.41774],[-64.14751,-31.41736],[-64.14759,-31.41642],[-64.14762,-31.41607],[-64.14768,-31.41561],[-64.14769,-31.41551],[-64.14775,-31.41502],[-64.1478,-31.41471],[-64.14783,-31.41452],[-64.14799,-31.41448],[-64.1481,-31.4142],[-64.14815,-31.41406],[-64.14837,-31.41346],[-64.14921,-31.4137],[-64.15004,-31.41393]]]]}},{"type":"Feature","properties":{"link":"140147403","frac":"74","radio":"03","etiqueta":"74-03","sector":"maldonado"},"geometry":{"type":"MultiPolygon","coordinates":[[[[-64.13526,-31.41421],[-64.13588,-31.41415],[-64.1365,-31.4141],[-64.13704,-31.41406],[-64.13775,-31.414],[-64.13783,-31.41453],[-64.13791,-31.41506],[-64.13799,-31.41559],[-64.13736,-31.41565],[-64.13675,-31.4157],[-64.13622,-31.41574],[-64.1355,-31.4158],[-64.13428,-31.4159],[-64.13422,-31.41484],[-64.13421,-31.41453],[-64.13424,-31.41428],[-64.13423,-31.41375],[-64.13518,-31.41368],[-64.13526,-31.41421]]]]}},{"type":"Feature","properties":{"link":"140145222","frac":"52","radio":"22","etiqueta":"52-22","sector":"yapeyu"},"geometry":{"type":"MultiPolygon","coordinates":[[[[-64.15175,-31.41439],[-64.15253,-31.41461],[-64.15216,-31.41564],[-64.15177,-31.41664],[-64.15158,-31.41718],[-64.15144,-31.41762],[-64.15137,-31.41805],[-64.15115,-31.4181],[-64.15046,-31.41822],[-64.15031,-31.41825],[-64.15016,-31.41826],[-64.1501,-31.41827],[-64.14995,-31.41834],[-64.14992,-31.41804],[-64.14945,-31.41805],[-64.14958,-31.41778],[-64.14975,-31.41723],[-64.14982,-31.41706],[-64.15014,-31.4162],[-64.14929,-31.41597],[-64.14931,-31.41592],[-64.1494,-31.41567],[-64.14966,-31.41496],[-64.14985,-31.41443],[-64.15004,-31.41393],[-64.1509,-31.41416],[-64.15175,-31.41439]]]]}},{"type":"Feature","properties":{"link":"140147506","frac":"75","radio":"06","etiqueta":"75-06","sector":"maldonado"},"geometry":{"type":"MultiPolygon","coordinates":[[[[-64.13158,-31.41459],[-64.13209,-31.41544],[-64.13242,-31.41597],[-64.13261,-31.41631],[-64.1327,-31.41645],[-64.13316,-31.4172],[-64.1336,-31.41788],[-64.13361,-31.41794],[-64.13347,-31.41795],[-64.13237,-31.41795],[-64.13212,-31.41796],[-64.13145,-31.41798],[-64.1309,-31.41704],[-64.13033,-31.41729],[-64.12983,-31.41636],[-64.13037,-31.41614],[-64.13095,-31.41591],[-64.13071,-31.41548],[-64.13042,-31.41497],[-64.13099,-31.41473],[-64.13157,-31.4145],[-64.13158,-31.41459]]]]}},{"type":"Feature","properties":{"link":"140147511","frac":"75","radio":"11","etiqueta":"75-11","sector":"maldonado"},"geometry":{"type":"MultiPolygon","coordinates":[[[[-64.12059,-31.41468],[-64.1206,-31.41507],[-64.12126,-31.41489],[-64.12163,-31.41485],[-64.122,-31.41463],[-64.122,-31.41484],[-64.12197,-31.41625],[-64.12195,-31.41766],[-64.12194,-31.41858],[-64.12194,-31.41903],[-64.12195,-31.41933],[-64.12129,-31.41934],[-64.12059,-31.41933],[-64.11992,-31.41933],[-64.11928,-31.41932],[-64.11928,-31.41901],[-64.11929,-31.41857],[-64.11929,-31.41809],[-64.11929,-31.41764],[-64.11929,-31.41717],[-64.1193,-31.41672],[-64.1193,-31.41623],[-64.1193,-31.41614],[-64.1193,-31.4157],[-64.11925,-31.41469],[-64.11964,-31.41467],[-64.11999,-31.41467],[-64.12059,-31.41468]]]]}},{"type":"Feature","properties":{"link":"140145221","frac":"52","radio":"21","etiqueta":"52-21","sector":"yapeyu"},"geometry":{"type":"MultiPolygon","coordinates":[[[[-64.15404,-31.41502],[-64.15479,-31.41523],[-64.15556,-31.41543],[-64.15538,-31.41589],[-64.15526,-31.41625],[-64.15511,-31.41629],[-64.155,-31.41633],[-64.15488,-31.41637],[-64.15481,-31.4164],[-64.15474,-31.41643],[-64.15461,-31.41649],[-64.15449,-31.41656],[-64.15445,-31.41659],[-64.15437,-31.41666],[-64.15431,-31.4167],[-64.15424,-31.41673],[-64.15415,-31.41677],[-64.1541,-31.41679],[-64.15404,-31.41682],[-64.15399,-31.41686],[-64.15389,-31.41694],[-64.15374,-31.41702],[-64.15359,-31.41708],[-64.15345,-31.41715],[-64.15335,-31.41719],[-64.15327,-31.41724],[-64.15321,-31.41728],[-64.15312,-31.41733],[-64.15292,-31.4174],[-64.15284,-31.41742],[-64.15268,-31.41749],[-64.15256,-31.41755],[-64.1525,-31.41759],[-64.15242,-31.41764],[-64.15229,-31.4177],[-64.15218,-31.41775],[-64.15207,-31.4178],[-64.15196,-31.41784],[-64.15179,-31.41791],[-64.15164,-31.41795],[-64.15149,-31.418],[-64.15137,-31.41805],[-64.15144,-31.41762],[-64.15158,-31.41718],[-64.15177,-31.41664],[-64.15216,-31.41564],[-64.15253,-31.41461],[-64.1533,-31.41481],[-64.15404,-31.41502]]]]}},{"type":"Feature","properties":{"link":"140147507","frac":"75","radio":"07","etiqueta":"75-07","sector":"maldonado"},"geometry":{"type":"MultiPolygon","coordinates":[[[[-64.13071,-31.41548],[-64.13095,-31.41591],[-64.13037,-31.41614],[-64.12983,-31.41636],[-64.13033,-31.41729],[-64.1309,-31.41704],[-64.13145,-31.41798],[-64.13123,-31.41798],[-64.13074,-31.418],[-64.13002,-31.418],[-64.12963,-31.418],[-64.12881,-31.41801],[-64.12774,-31.41802],[-64.12747,-31.41802],[-64.12748,-31.41768],[-64.12748,-31.41733],[-64.12746,-31.41679],[-64.12743,-31.4162],[-64.12834,-31.41584],[-64.1289,-31.4156],[-64.12927,-31.41543],[-64.12951,-31.41533],[-64.13042,-31.41497],[-64.13071,-31.41548]]]]}},{"type":"Feature","properties":{"link":"140147405","frac":"74","radio":"05","etiqueta":"74-05","sector":"maldonado"},"geometry":{"type":"MultiPolygon","coordinates":[[[[-64.14256,-31.41542],[-64.14261,-31.41555],[-64.14266,-31.41571],[-64.14268,-31.41575],[-64.14274,-31.41598],[-64.1428,-31.4161],[-64.14284,-31.41626],[-64.14289,-31.41632],[-64.14291,-31.41637],[-64.14307,-31.41663],[-64.14312,-31.41674],[-64.14315,-31.41679],[-64.14334,-31.41697],[-64.14342,-31.41709],[-64.1435,-31.41717],[-64.1436,-31.41724],[-64.143,-31.41731],[-64.14207,-31.41739],[-64.14147,-31.41745],[-64.14083,-31.41752],[-64.14023,-31.41757],[-64.13958,-31.41763],[-64.13892,-31.41769],[-64.13832,-31.41774],[-64.13822,-31.41708],[-64.13815,-31.41667],[-64.13809,-31.4162],[-64.13799,-31.41559],[-64.13856,-31.41555],[-64.13925,-31.4155],[-64.13983,-31.41544],[-64.14051,-31.41538],[-64.14114,-31.41533],[-64.14134,-31.41532],[-64.14173,-31.41528],[-64.14215,-31.41525],[-64.14256,-31.41523],[-64.14256,-31.41542]]]]}},{"type":"Feature","properties":{"link":"140147407","frac":"74","radio":"07","etiqueta":"74-07","sector":"maldonado"},"geometry":{"type":"MultiPolygon","coordinates":[[[[-64.13809,-31.4162],[-64.13815,-31.41667],[-64.13822,-31.41708],[-64.13832,-31.41774],[-64.1384,-31.4182],[-64.13849,-31.41878],[-64.13856,-31.41928],[-64.13866,-31.41986],[-64.13738,-31.41997],[-64.13667,-31.42004],[-64.13612,-31.42009],[-64.13574,-31.42013],[-64.13514,-31.42021],[-64.13437,-31.42031],[-64.13348,-31.42031],[-64.13348,-31.41979],[-64.13348,-31.41924],[-64.13347,-31.4186],[-64.13347,-31.41795],[-64.13361,-31.41794],[-64.13428,-31.41794],[-64.13434,-31.41796],[-64.13429,-31.41703],[-64.13428,-31.41671],[-64.13428,-31.4159],[-64.1355,-31.4158],[-64.13622,-31.41574],[-64.13675,-31.4157],[-64.13736,-31.41565],[-64.13799,-31.41559],[-64.13809,-31.4162]]]]}},{"type":"Feature","properties":{"link":"140147406","frac":"74","radio":"06","etiqueta":"74-06","sector":"maldonado"},"geometry":{"type":"MultiPolygon","coordinates":[[[[-64.1437,-31.41731],[-64.14384,-31.4174],[-64.14391,-31.41747],[-64.14397,-31.41751],[-64.14412,-31.41761],[-64.1437,-31.41815],[-64.14362,-31.41808],[-64.1436,-31.41806],[-64.14349,-31.41794],[-64.14342,-31.41786],[-64.1435,-31.41834],[-64.14365,-31.41943],[-64.14239,-31.41954],[-64.14114,-31.41965],[-64.1399,-31.41976],[-64.13866,-31.41986],[-64.13856,-31.41928],[-64.13849,-31.41878],[-64.1384,-31.4182],[-64.13832,-31.41774],[-64.13892,-31.41769],[-64.13958,-31.41763],[-64.14023,-31.41757],[-64.14083,-31.41752],[-64.14147,-31.41745],[-64.14207,-31.41739],[-64.143,-31.41731],[-64.1436,-31.41724],[-64.1437,-31.41731]]]]}},{"type":"Feature","properties":{"link":"140147408","frac":"74","radio":"08","etiqueta":"74-08","sector":"maldonado"},"geometry":{"type":"MultiPolygon","coordinates":[[[[-64.13347,-31.4186],[-64.13348,-31.41924],[-64.13348,-31.41979],[-64.13348,-31.42031],[-64.13437,-31.42031],[-64.13438,-31.42125],[-64.13438,-31.42135],[-64.134,-31.42138],[-64.1335,-31.42141],[-64.13239,-31.42141],[-64.13124,-31.42141],[-64.13005,-31.42142],[-64.13005,-31.42088],[-64.13005,-31.42034],[-64.13003,-31.41979],[-64.13003,-31.41927],[-64.13003,-31.41863],[-64.13059,-31.41863],[-64.13122,-31.41863],[-64.13123,-31.41798],[-64.13145,-31.41798],[-64.13212,-31.41796],[-64.13237,-31.41795],[-64.13347,-31.41795],[-64.13347,-31.4186]]]]}},{"type":"Feature","properties":{"link":"140147409","frac":"74","radio":"09","etiqueta":"74-09","sector":"maldonado"},"geometry":{"type":"MultiPolygon","coordinates":[[[[-64.13002,-31.418],[-64.13074,-31.418],[-64.13123,-31.41798],[-64.13122,-31.41863],[-64.13059,-31.41863],[-64.13003,-31.41863],[-64.13003,-31.41927],[-64.13003,-31.41979],[-64.13005,-31.42034],[-64.13005,-31.42088],[-64.13005,-31.42142],[-64.12886,-31.42143],[-64.12777,-31.42143],[-64.12778,-31.42142],[-64.12776,-31.42089],[-64.12774,-31.42034],[-64.12774,-31.41993],[-64.12774,-31.41983],[-64.12774,-31.41981],[-64.12774,-31.41928],[-64.12774,-31.41899],[-64.12774,-31.41864],[-64.12774,-31.41802],[-64.12881,-31.41801],[-64.12963,-31.418],[-64.13002,-31.418]]]]}},{"type":"Feature","properties":{"link":"140147516","frac":"75","radio":"16","etiqueta":"75-16","sector":"maldonado"},"geometry":{"type":"MultiPolygon","coordinates":[[[[-64.12774,-31.41864],[-64.12774,-31.41899],[-64.12774,-31.41928],[-64.12774,-31.41981],[-64.12774,-31.41983],[-64.12774,-31.41993],[-64.12774,-31.42034],[-64.12776,-31.42089],[-64.12778,-31.42142],[-64.12777,-31.42143],[-64.12777,-31.42183],[-64.12664,-31.42185],[-64.1255,-31.42186],[-64.12439,-31.42186],[-64.12327,-31.42187],[-64.12327,-31.4206],[-64.12327,-31.41978],[-64.12327,-31.41932],[-64.12386,-31.41932],[-64.12439,-31.41932],[-64.12551,-31.41932],[-64.12555,-31.41928],[-64.12557,-31.41924],[-64.12562,-31.41919],[-64.12566,-31.41915],[-64.1257,-31.41911],[-64.12576,-31.41908],[-64.12582,-31.41904],[-64.12589,-31.41902],[-64.12596,-31.41901],[-64.12595,-31.41805],[-64.12662,-31.41804],[-64.12677,-31.41804],[-64.12747,-31.41802],[-64.12774,-31.41802],[-64.12774,-31.41864]]]]}},{"type":"Feature","properties":{"link":"140147515","frac":"75","radio":"15","etiqueta":"75-15","sector":"maldonado"},"geometry":{"type":"MultiPolygon","coordinates":[[[[-64.12059,-31.41933],[-64.12129,-31.41934],[-64.12195,-31.41933],[-64.1226,-31.41933],[-64.12327,-31.41932],[-64.12327,-31.41978],[-64.12327,-31.4206],[-64.12327,-31.42187],[-64.12259,-31.42187],[-64.12208,-31.42188],[-64.12125,-31.42188],[-64.12104,-31.42188],[-64.12073,-31.4218],[-64.11991,-31.42159],[-64.11926,-31.4214],[-64.11927,-31.42134],[-64.11928,-31.42058],[-64.11928,-31.42013],[-64.11928,-31.41973],[-64.11928,-31.41932],[-64.11992,-31.41933],[-64.12059,-31.41933]]]]}},{"type":"Feature","properties":{"link":"140149710","frac":"97","radio":"10","etiqueta":"97-10","sector":"comercial"},"geometry":{"type":"MultiPolygon","coordinates":[[[[-64.20855,-31.4741],[-64.2087,-31.47407],[-64.2087,-31.47414],[-64.20868,-31.47437],[-64.20864,-31.47455],[-64.20859,-31.47476],[-64.20849,-31.47502],[-64.20846,-31.47513],[-64.20843,-31.47531],[-64.20841,-31.47551],[-64.20837,-31.47576],[-64.20834,-31.47595],[-64.20832,-31.47612],[-64.20829,-31.47627],[-64.20827,-31.4765],[-64.20823,-31.47671],[-64.20816,-31.47699],[-64.20812,-31.47715],[-64.20809,-31.4773],[-64.20809,-31.47734],[-64.20797,-31.47733],[-64.20805,-31.47673],[-64.20661,-31.47678],[-64.20519,-31.47683],[-64.20516,-31.47644],[-64.20513,-31.47594],[-64.20511,-31.47537],[-64.20509,-31.47484],[-64.20579,-31.47473],[-64.20635,-31.47462],[-64.20725,-31.47442],[-64.2075,-31.47435],[-64.20855,-31.4741]]]]}},{"type":"Feature","properties":{"link":"140149709","frac":"97","radio":"09","etiqueta":"97-09","sector":"comercial"},"geometry":{"type":"MultiPolygon","coordinates":[[[[-64.20328,-31.47516],[-64.20328,-31.4752],[-64.20509,-31.47484],[-64.20511,-31.47537],[-64.20513,-31.47594],[-64.20516,-31.47644],[-64.20519,-31.47683],[-64.20661,-31.47678],[-64.20805,-31.47673],[-64.20797,-31.47733],[-64.20718,-31.47735],[-64.20522,-31.47742],[-64.20339,-31.47748],[-64.20263,-31.4775],[-64.20255,-31.47612],[-64.20256,-31.47529],[-64.20328,-31.47516]]]]}},{"type":"Feature","properties":{"link":"140149719","frac":"97","radio":"19","etiqueta":"97-19","sector":"comercial"},"geometry":{"type":"MultiPolygon","coordinates":[[[[-64.20797,-31.47733],[-64.20809,-31.47734],[-64.20806,-31.47755],[-64.20801,-31.47784],[-64.20795,-31.47807],[-64.20794,-31.47825],[-64.20795,-31.47836],[-64.20806,-31.47859],[-64.20823,-31.47899],[-64.20847,-31.47951],[-64.20861,-31.47987],[-64.2087,-31.4801],[-64.20871,-31.48012],[-64.20883,-31.48042],[-64.20891,-31.48059],[-64.20878,-31.48063],[-64.20829,-31.48063],[-64.20727,-31.48065],[-64.20536,-31.48068],[-64.20535,-31.48013],[-64.20533,-31.47959],[-64.2053,-31.47913],[-64.20525,-31.478],[-64.20522,-31.47742],[-64.20718,-31.47735],[-64.20797,-31.47733]]]]}},{"type":"Feature","properties":{"link":"140149720","frac":"97","radio":"20","etiqueta":"97-20","sector":"comercial"},"geometry":{"type":"MultiPolygon","coordinates":[[[[-64.20339,-31.47748],[-64.20522,-31.47742],[-64.20525,-31.478],[-64.2053,-31.47913],[-64.20533,-31.47959],[-64.20535,-31.48013],[-64.20536,-31.48068],[-64.2041,-31.48071],[-64.20293,-31.48072],[-64.2029,-31.48063],[-64.20278,-31.48025],[-64.20278,-31.48017],[-64.20277,-31.48006],[-64.20274,-31.47945],[-64.2027,-31.47882],[-64.2027,-31.47877],[-64.20268,-31.47845],[-64.20263,-31.4775],[-64.20339,-31.47748]]]]}},{"type":"Feature","properties":{"link":"140149721","frac":"97","radio":"21","etiqueta":"97-21","sector":"comercial"},"geometry":{"type":"MultiPolygon","coordinates":[[[[-64.20829,-31.48063],[-64.20878,-31.48063],[-64.20896,-31.48109],[-64.2091,-31.48106],[-64.20912,-31.4811],[-64.20942,-31.48181],[-64.20951,-31.482],[-64.20973,-31.48241],[-64.20974,-31.48244],[-64.20959,-31.48247],[-64.20922,-31.48247],[-64.20858,-31.48249],[-64.20795,-31.4825],[-64.20732,-31.48251],[-64.20669,-31.48252],[-64.20607,-31.48253],[-64.20542,-31.48255],[-64.2048,-31.48256],[-64.20415,-31.48257],[-64.20351,-31.48258],[-64.20342,-31.48233],[-64.20322,-31.48169],[-64.2031,-31.48127],[-64.20293,-31.48072],[-64.2041,-31.48071],[-64.20536,-31.48068],[-64.20727,-31.48065],[-64.20829,-31.48063]]]]}},{"type":"Feature","properties":{"link":"140141617","frac":"16","radio":"17","etiqueta":"16-17","sector":"comercial"},"geometry":{"type":"MultiPolygon","coordinates":[[[[-64.20959,-31.48247],[-64.20974,-31.48244],[-64.21007,-31.48272],[-64.21034,-31.48297],[-64.21044,-31.48307],[-64.21047,-31.48319],[-64.21045,-31.4834],[-64.21045,-31.48356],[-64.21045,-31.4837],[-64.21041,-31.48385],[-64.21031,-31.48404],[-64.21024,-31.4842],[-64.21009,-31.48445],[-64.21003,-31.48455],[-64.20995,-31.48462],[-64.20971,-31.48477],[-64.20953,-31.48487],[-64.20941,-31.48495],[-64.20931,-31.48499],[-64.20918,-31.48503],[-64.20901,-31.48507],[-64.20882,-31.4851],[-64.20865,-31.48513],[-64.20864,-31.48524],[-64.20867,-31.48569],[-64.2087,-31.48678],[-64.20871,-31.487],[-64.20807,-31.48712],[-64.20743,-31.48724],[-64.20742,-31.4868],[-64.20739,-31.4855],[-64.20739,-31.4854],[-64.20738,-31.4853],[-64.20737,-31.48465],[-64.20735,-31.48362],[-64.20732,-31.48251],[-64.20795,-31.4825],[-64.20858,-31.48249],[-64.20922,-31.48247],[-64.20959,-31.48247]]]]}},{"type":"Feature","properties":{"link":"140141618","frac":"16","radio":"18","etiqueta":"16-18","sector":"comercial"},"geometry":{"type":"MultiPolygon","coordinates":[[[[-64.20669,-31.48252],[-64.20732,-31.48251],[-64.20735,-31.48362],[-64.20737,-31.48465],[-64.20675,-31.48467],[-64.20611,-31.48468],[-64.20548,-31.4847],[-64.20545,-31.48366],[-64.20483,-31.48367],[-64.20393,-31.48369],[-64.20351,-31.48258],[-64.20415,-31.48257],[-64.2048,-31.48256],[-64.20542,-31.48255],[-64.20607,-31.48253],[-64.20669,-31.48252]]]]}},{"type":"Feature","properties":{"link":"140141619","frac":"16","radio":"19","etiqueta":"16-19","sector":"comercial"},"geometry":{"type":"MultiPolygon","coordinates":[[[[-64.20483,-31.48367],[-64.20545,-31.48366],[-64.20548,-31.4847],[-64.20611,-31.48468],[-64.20675,-31.48467],[-64.20737,-31.48465],[-64.20738,-31.4853],[-64.20739,-31.4854],[-64.20739,-31.4855],[-64.20742,-31.4868],[-64.20743,-31.48724],[-64.20681,-31.48736],[-64.2062,-31.48747],[-64.20566,-31.48757],[-64.20524,-31.48685],[-64.20486,-31.48609],[-64.20483,-31.486],[-64.20478,-31.48589],[-64.20452,-31.48526],[-64.20431,-31.48471],[-64.20393,-31.48369],[-64.20483,-31.48367]]]]}}]};
const ZONAS = {"yapeyu": {"nombre": "Yapey\u00fa", "color": "#9b59b6", "barrios": "Bajo Pueyrred\u00f3n \u00b7 Bajada de Piedra \u00b7 Yapey\u00fa \u00b7 Bajo Yapey\u00fa", "sw": [-31.41865, -64.15714], "ne": [-31.39965, -64.12351], "count": 18}, "los_robles": {"nombre": "Los Robles", "color": "#27ae60", "barrios": "Quebrada de las Rosas \u00b7 Villa Sol \u00b7 Ampliaci\u00f3n Las Palmas \u00b7 Puente Blanco", "sw": [-31.41196, -64.27006], "ne": [-31.39543, -64.24011], "count": 32}, "maldonado": {"nombre": "Maldonado", "color": "#16a085", "barrios": "Maldonado \u00b7 La Ribera \u00b7 Bajada San Jos\u00e9 \u00b7 Los Josefinos \u00b7 Renacimiento", "sw": [-31.42188, -64.14412], "ne": [-31.40515, -64.1177], "count": 22}, "comercial": {"nombre": "Comercial", "color": "#e74c3c", "barrios": "Villa El Libertador \u00b7 Mirizzi \u00b7 Santa Rosa Residencial \u00b7 Comercial", "sw": [-31.48757, -64.21047], "ne": [-31.47407, -64.20255], "count": 8}};
const VISTA_GENERAL = { sw: [-31.48757, -64.27006], ne: [-31.39543, -64.1177] };

let mapa, layerGroup, tileOSM, tileSAT, tileGOOG;

function initMapa(){
  mapa = L.map('mapa', {zoomControl:true, preferCanvas:true});
  tileOSM  = L.tileLayer('https://{s}.tile.openstreetmap.org/{z}/{x}/{y}.png', {attribution:'© OSM', maxZoom:19});
  tileSAT  = L.tileLayer('https://server.arcgisonline.com/ArcGIS/rest/services/World_Imagery/MapServer/tile/{z}/{y}/{x}', {attribution:'© Esri', maxZoom:19});
  tileGOOG = L.tileLayer('https://mt1.google.com/vt/lyrs=m&x={x}&y={y}&z={z}', {attribution:'© Google', maxZoom:20});
  tileOSM.addTo(mapa);
  layerGroup = L.featureGroup().addTo(mapa);
  dibujarTodo();
  mapa.fitBounds([VISTA_GENERAL.sw, VISTA_GENERAL.ne], {padding:[30,30]});
}

function setLayer(name, btn){
  [tileOSM, tileSAT, tileGOOG].forEach(t => { try { mapa.removeLayer(t); } catch(e){} });
  if(name==='osm')  tileOSM.addTo(mapa);
  if(name==='sat')  tileSAT.addTo(mapa);
  if(name==='goog') tileGOOG.addTo(mapa);
  document.querySelectorAll('.btn-lay').forEach(b => b.classList.remove('active'));
  btn.classList.add('active');
}

function colorSector(s){
  return ZONAS[s] ? ZONAS[s].color : '#888';
}

function dibujarTodo(){
  layerGroup.clearLayers();
  L.geoJSON(GEOJSON, {
    style: f => ({
      color: colorSector(f.properties.sector),
      weight: 1.4,
      fillColor: colorSector(f.properties.sector),
      fillOpacity: 0.45
    }),
    onEachFeature: (f, layer) => {
      const p = f.properties;
      const nombre = ZONAS[p.sector] ? ZONAS[p.sector].nombre : p.sector;
      layer.bindTooltip(`<b>${nombre}</b><br>Radio ${p.etiqueta}`, {sticky:true, direction:'top'});
      layer.bindPopup(
        `<div style="font-family:'IBM Plex Sans',sans-serif;font-size:12px;">
          <div style="font-weight:700;color:${colorSector(p.sector)};font-size:13px;margin-bottom:4px;">
            Zona ${nombre}
          </div>
          <div><b>Radio:</b> ${p.etiqueta}</div>
          <div><b>LINK:</b> ${p.link}</div>
          <div><b>Fracción:</b> ${p.frac} · <b>Radio:</b> ${p.radio}</div>
         </div>`
      );
    }
  }).addTo(layerGroup);

  // Contadores
  const conteo = {yapeyu:0, los_robles:0, maldonado:0, comercial:0};
  GEOJSON.features.forEach(f => conteo[f.properties.sector]++);
  document.getElementById('stat-yap').textContent = conteo.yapeyu + ' radios';
  document.getElementById('stat-rob').textContent = conteo.los_robles + ' radios';
  document.getElementById('stat-mal').textContent = conteo.maldonado + ' radios';
  document.getElementById('stat-com').textContent = conteo.comercial + ' radios';
}

function verZona(zona, btn){
  document.querySelectorAll('.chip').forEach(c => c.classList.remove('active'));
  btn.classList.add('active');

  if(zona === 'todas'){
    document.getElementById('p-titulo').textContent = 'Vista general';
    document.getElementById('p-sub').textContent = 'Las 4 zonas PEC de la Municipalidad de Córdoba sobre el mapa de la ciudad.';
    document.getElementById('p-count').innerHTML = '<b>' + GEOJSON.features.length + '</b> radios censales seleccionados';
    document.getElementById('p-body').innerHTML = `
      <h4>Resumen por zona</h4>
      <div class="stat-line"><span>● Yapeyú</span><span>${countBy('yapeyu')} radios</span></div>
      <div class="stat-line"><span>● Los Robles</span><span>${countBy('los_robles')} radios</span></div>
      <div class="stat-line"><span>● Maldonado</span><span>${countBy('maldonado')} radios</span></div>
      <div class="stat-line"><span>● Comercial</span><span>${countBy('comercial')} radios</span></div>
      <div style="margin-top:14px;font-size:11px;color:var(--text2);line-height:1.5;">
        Usá los botones de arriba para hacer zoom a cada zona en particular.
      </div>`;
    mapa.fitBounds([VISTA_GENERAL.sw, VISTA_GENERAL.ne], {padding:[30,30]});
    return;
  }

  const z = ZONAS[zona];
  document.getElementById('p-titulo').innerHTML = '<span style="color:'+z.color+'">■</span> ' + z.nombre;
  document.getElementById('p-sub').textContent = z.barrios;
  document.getElementById('p-count').innerHTML = '<b>' + z.count + '</b> radios censales';

  // Lista de radios de esa zona
  const radios = GEOJSON.features
    .filter(f => f.properties.sector === zona)
    .map(f => f.properties.etiqueta)
    .sort();
  let html = '<h4>Radios censales (fracción-radio)</h4><div>';
  radios.forEach(r => { html += '<span class="radio-item">'+r+'</span>'; });
  html += '</div>';
  document.getElementById('p-body').innerHTML = html;

  mapa.flyToBounds([z.sw, z.ne], {padding:[60,60], duration:0.8});
}

function countBy(sector){
  return GEOJSON.features.filter(f => f.properties.sector === sector).length;
}

initMapa();
</script>
</body>
</html>
